5019,'1442650',1111,,1,12,,,0
5019,'1442688',1011,,2,12,,,0
5019,'1442690',911,,3,12,,,0
5019,'1442938',1711,,4,12,,,0
5019,'1443029',1611,,5,12,,,0
5019,'1443081',811,,6,12,,,0
5019,'1443286',1211,,7,12,,,0
5019,'1443417',1811,,8,12,,,0
5019,'1443735',1411,,9,12,,,0
5019,'1443904',1511,,10,12,,,0
5019,'1443973',711,,11,12,,,0
5019,'1444646',1311,,12,12,,,0
5019,'1468946',711,,13,12,,,0
5019,'1468947',811,,14,12,,,0
5019,'1468948',911,,15,12,,,0
5019,'1468949',1011,,16,12,,,0
5019,'1468950',1111,,17,12,,,0
5019,'1468951',1211,,18,12,,,0
5019,'1468952',1311,,19,12,,,0
5019,'1468953',1411,,20,12,,,0
5019,'1468954',1511,,21,12,,,0
5019,'1468955',1611,,22,12,,,0
5019,'1468956',1711,,23,12,,,0
5019,'1468957',1811,,24,12,,,0
902029,'1442623',2007,,336,7,,,0
902029,'1443277',2107,,343,7,,,0
902029,'1443327',2207,,346,7,,,0
902029,'1443696',2007,,350,7,,,0
902029,'1443801',1507,,353,7,,,0
902029,'1443882',1707,,354,7,,,0
902029,'1444181',1307,,357,7,,,0
902029,'1444215',2207,,358,7,,,0
902029,'1444222',1207,,359,7,,,0
902029,'1444364',1607,,360,7,,,0
902029,'1444425',1107,,361,7,,,0
902029,'1444479',2107,,362,7,,,0
902029,'1444524',1007,,363,7,,,0
