3709,'1481156',717,,179,60,,,0
3709,'1481157',747,,180,60,,,0
3709,'1481158',817,,181,60,,,0
3709,'1481159',847,,182,60,,,0
3709,'1481160',917,,183,60,,,0
3709,'1481161',947,,184,60,,,0
3709,'1481162',1017,,185,60,,,0
3709,'1481163',1047,,186,60,,,0
3709,'1481164',1117,,187,60,,,0
3709,'1481165',1147,,188,60,,,0
3709,'1481166',1217,,189,60,,,0
3709,'1481167',1247,,190,60,,,0
3709,'1481168',1317,,191,60,,,0
3709,'1481169',1347,,192,60,,,0
3709,'1481170',1417,,193,60,,,0
3709,'1481171',1447,,194,60,,,0
3709,'1481172',1517,,195,60,,,0
3709,'1481173',1547,,196,60,,,0
3709,'1481174',1617,,197,60,,,0
3709,'1481175',1647,,198,60,,,0
3709,'1481176',1717,,199,60,,,0
3709,'1481177',1747,,200,60,,,0
3709,'1481178',1817,,201,60,,,0
3709,'1481179',1847,,202,60,,,0
3709,'1481180',1917,,203,60,,,0
3709,'1481181',1947,,204,60,,,0
3709,'1481241',720,,205,60,,,0
3709,'1481242',750,,206,60,,,0
3709,'1481243',820,,207,60,,,0
3709,'1481244',850,,208,60,,,0
3709,'1481245',920,,209,60,,,0
3709,'1481246',950,,210,60,,,0
3709,'1481247',1020,,211,60,,,0
3709,'1481248',1050,,212,60,,,0
3709,'1481249',1120,,213,60,,,0
3709,'1481250',1150,,214,60,,,0
3709,'1481251',1220,,215,60,,,0
3709,'1481252',1250,,216,60,,,0
3709,'1481253',1320,,217,60,,,0
3709,'1481254',1350,,218,60,,,0
3709,'1481255',1420,,219,60,,,0
3709,'1481256',1450,,220,60,,,0
3709,'1481257',1520,,221,60,,,0
3709,'1481258',1550,,222,60,,,0
3709,'1481259',1620,,223,60,,,0
3709,'1481260',1650,,224,60,,,0
3709,'1481261',1720,,225,60,,,0
3709,'1481262',1750,,226,60,,,0
3709,'1481263',1820,,227,60,,,0
3709,'1481264',1850,,228,60,,,0
3709,'1481265',1920,,229,60,,,0
3709,'1481266',1950,,230,60,,,0
