909,'1442574',1348,,37,29,,,0
909,'1442601',1448,,38,29,,,0
909,'1442683',1248,,39,29,,,0
909,'1442720',748,,40,29,,,0
909,'1442725',1348,,41,29,,,0
909,'1442740',1548,,42,29,,,0
909,'1442981',1548,,43,29,,,0
909,'1443060',1048,,44,29,,,0
909,'1443114',848,,45,29,,,0
909,'1443507',748,,46,29,,,0
909,'1443572',1848,,47,29,,,0
909,'1443665',848,,48,29,,,0
909,'1443760',1448,,49,29,,,0
909,'1444093',948,,50,29,,,0
909,'1444114',1648,,51,29,,,0
909,'1444140',1648,,52,29,,,0
909,'1444157',1748,,53,29,,,0
909,'1444177',648,,54,29,,,0
909,'1444202',948,,55,29,,,0
909,'1444275',1148,,56,29,,,0
909,'1444286',648,,57,29,,,0
909,'1444316',1748,,58,29,,,0
909,'1444336',1048,,59,29,,,0
909,'1444355',1248,,60,29,,,0
909,'1444529',1848,,61,29,,,0
909,'1444681',1148,,62,29,,,0
1609,'1442759',1220,,63,50,0,5,0
1609,'1442908',1720,,64,50,0,5,0
1609,'1443382',1620,,65,50,0,5,0
1609,'1443639',1020,,66,50,0,5,0
1609,'1443689',1920,,67,50,0,5,0
1609,'1443695',1120,,68,50,0,5,0
1609,'1443794',1320,,69,50,0,5,0
1609,'1443910',1520,,70,50,0,5,0
1609,'1443990',1420,,71,50,0,5,0
1609,'1444348',1820,,72,50,0,5,0
1609,'1444457',920,,73,50,0,5,0
1609,'1444527',820,,74,50,0,5,0
1609,'1444699',720,,75,50,0,5,0
1609,'1471644',720,,76,52,0,6 7,0
1609,'1471645',820,,77,52,0,6 7,0
1609,'1471646',920,,78,52,0,6 7,0
1609,'1471647',1020,,79,52,0,6 7,0
1609,'1471648',1120,,80,52,0,6 7,0
1609,'1471649',1220,,81,52,0,6 7,0
1609,'1471650',1320,,82,52,0,6 7,0
1609,'1471651',1420,,83,52,0,6 7,0
1609,'1471652',1520,,84,52,0,6 7,0
1609,'1471653',1620,,85,52,0,6 7,0
1609,'1471654',1720,,86,52,0,6 7,0
1609,'1471655',1820,,87,52,0,6 7,0
1609,'1471656',1920,,88,52,0,6 7,0
1609,'1471657',750,,89,52,0,6 7,0
1609,'1471658',850,,90,52,0,6 7,0
1609,'1471659',950,,91,52,0,6 7,0
1609,'1471660',1150,,92,53,0,8,0
1609,'1471661',1650,,93,52,0,6 7,0
1609,'1471662',1250,,94,53,0,8,0
1609,'1471663',1350,,95,53,0,8,0
1609,'1471664',1750,,96,52,0,6 7,0
1609,'1471665',1850,,97,52,0,6 7,0
1609,'1471666',1050,,98,53,0,8,0
1609,'1471667',1550,,99,52,0,6 7,0
1609,'1471668',1450,,100,53,0,8,0
90109,'1481211',2313,,299,50,0,6,0
90109,'1481212',2013,,300,50,0,6,0
90109,'1481213',2113,,301,50,0,6,0
90109,'1481214',2213,,302,50,0,6,0
90109,'1481220',913,,307,50,0,6,0
90109,'1481221',1013,,308,50,0,6,0
90109,'1481222',1113,,309,50,0,6,0
90109,'1481223',1213,,310,50,0,6,0
90109,'1481224',1313,,311,50,0,6,0
90109,'1481225',1413,,312,50,0,6,0
90109,'1481226',1513,,313,50,0,6,0
90109,'1481227',1613,,314,50,0,6,0
90109,'1481228',1713,,315,50,0,6,0
90109,'1481229',1813,,316,50,0,6,0
90109,'1481230',1913,,317,50,0,6,0
90109,'1481296',2320,,328,50,0,6,0
90109,'1481297',2020,,329,50,0,6,0
90109,'1481298',2120,,330,50,0,6,0
90109,'1481299',2220,,331,50,0,6,0
