38019,'1481182',641,,231,12,,,0
38019,'1481183',711,,232,12,,,0
38019,'1481184',741,,233,12,,,0
38019,'1481185',811,,234,12,,,0
38019,'1481186',841,,235,12,,,0
38019,'1481187',911,,236,12,,,0
38019,'1481188',941,,237,12,,,0
38019,'1481189',1011,,238,12,,,0
38019,'1481190',1041,,239,12,,,0
38019,'1481191',1111,,240,12,,,0
38019,'1481192',1141,,241,12,,,0
38019,'1481193',1211,,242,12,,,0
38019,'1481194',1241,,243,12,,,0
38019,'1481195',1311,,244,12,,,0
38019,'1481196',1341,,245,12,,,0
38019,'1481197',1411,,246,12,,,0
38019,'1481198',1441,,247,12,,,0
38019,'1481199',1511,,248,12,,,0
38019,'1481200',1541,,249,12,,,0
38019,'1481201',1611,,250,12,,,0
38019,'1481202',1641,,251,12,,,0
38019,'1481203',1711,,252,12,,,0
38019,'1481204',1741,,253,12,,,0
38019,'1481205',1811,,254,12,,,0
38019,'1481206',1841,,255,12,,,0
38019,'1481207',1911,,256,12,,,0
38019,'1481267',641,,257,12,,,0
38019,'1481268',711,,258,12,,,0
38019,'1481269',741,,259,12,,,0
38019,'1481270',811,,260,12,,,0
38019,'1481271',841,,261,12,,,0
38019,'1481272',911,,262,12,,,0
38019,'1481273',941,,263,12,,,0
38019,'1481274',1011,,264,12,,,0
38019,'1481275',1041,,265,12,,,0
38019,'1481276',1111,,266,12,,,0
38019,'1481277',1141,,267,12,,,0
38019,'1481278',1211,,268,12,,,0
38019,'1481279',1241,,269,12,,,0
38019,'1481280',1311,,270,12,,,0
38019,'1481281',1341,,271,12,,,0
38019,'1481282',1411,,272,12,,,0
38019,'1481283',1441,,273,12,,,0
38019,'1481284',1511,,274,12,,,0
38019,'1481285',1541,,275,12,,,0
38019,'1481286',1611,,276,12,,,0
38019,'1481287',1641,,277,12,,,0
38019,'1481288',1711,,278,12,,,0
38019,'1481289',1741,,279,12,,,0
38019,'1481290',1811,,280,12,,,0
38019,'1481291',1841,,281,12,,,0
38019,'1481292',1911,,282,12,,,0
901029,'1481215',2239,,303,14,,,0
901029,'1481216',2139,,304,14,,,0
901029,'1481217',2039,,305,14,,,0
901029,'1481218',1939,,306,14,,,0
901029,'1481231',839,,318,14,,,0
901029,'1481232',939,,319,14,,,0
901029,'1481233',1039,,320,14,,,0
901029,'1481234',1139,,321,14,,,0
901029,'1481235',1239,,322,14,,,0
901029,'1481236',1339,,323,14,,,0
901029,'1481237',1439,,324,14,,,0
901029,'1481238',1539,,325,14,,,0
901029,'1481239',1639,,326,14,,,0
901029,'1481240',1739,,327,14,,,0
901029,'1481300',2239,,332,14,,,0
901029,'1481301',2139,,333,14,,,0
901029,'1481302',2039,,334,14,,,0
901029,'1481303',1939,,335,14,,,0
