7019,'1442686',2135,,31,7,0,5 15,0
7019,'1443170',2035,,32,7,0,5 15,0
7019,'1443421',2035,,33,7,0,5 15,0
7019,'1444160',1935,,34,7,0,5 15,0
7019,'1444518',1935,,35,7,0,5 15,0
7019,'1444604',2135,,36,7,0,5 15,0
76000019,'1442746',1005,,364,7,0,14,0
76000019,'1442836',1135,,365,7,0,14,0
76000019,'1442868',1235,,366,7,0,14,0
76000019,'1442936',1435,,367,7,0,14,0
76000019,'1442948',1305,,368,7,0,14,0
76000019,'1442960',1105,,369,7,0,14,0
76000019,'1443166',1505,,370,7,0,14,0
76000019,'1443237',1605,,371,7,0,14,0
76000019,'1443568',1635,,372,7,0,14,0
76000019,'1443930',1705,,373,7,0,14,0
76000019,'1444078',1205,,374,7,0,14,0
76000019,'1444147',1735,,375,7,0,14,0
76000019,'1444253',1035,,376,7,0,14,0
76000019,'1444707',1535,,377,7,0,14,0
