3109,'1442657',1303,,102,6,,,0
3109,'1442704',1733,,103,6,,,0
3109,'1442731',1103,,104,6,,,0
3109,'1442816',1033,,105,6,,,0
3109,'1442926',803,,106,6,,,0
3109,'1442939',803,,107,6,,,0
3109,'1442988',903,,108,6,,,0
3109,'1443001',1503,,109,6,,,0
3109,'1443020',1003,,110,6,,,0
3109,'1443042',933,,111,6,,,0
3109,'1443050',1303,,112,6,,,0
3109,'1443073',1503,,113,6,,,0
3109,'1443135',1403,,114,6,,,0
3109,'1443141',1533,,115,6,,,0
3109,'1443144',1133,,116,6,,,0
3109,'1443163',1203,,117,6,,,0
3109,'1443412',1433,,118,6,,,0
3109,'1443419',1333,,119,6,,,0
3109,'1443472',1233,,120,6,,,0
3109,'1443548',1403,,121,6,,,0
3109,'1443737',1803,,122,6,,,0
3109,'1443781',1833,,123,6,,,0
3109,'1443831',1803,,124,6,,,0
3109,'1443867',1203,,125,6,,,0
3109,'1443869',1003,,126,6,,,0
3109,'1443890',703,,127,6,,,0
3109,'1443895',703,,128,6,,,0
3109,'1444017',1903,,129,6,,,0
3109,'1444043',903,,130,6,,,0
3109,'1444183',1603,,131,6,,,0
3109,'1444283',1603,,132,6,,,0
3109,'1444351',1103,,133,6,,,0
3109,'1444464',1703,,134,6,,,0
3109,'1444532',833,,135,6,,,0
3109,'1444569',1633,,136,6,,,0
3109,'1444582',733,,137,6,,,0
3109,'1444595',633,,138,6,,,0
3109,'1444704',1903,,139,6,,,0
3109,'1444711',1703,,140,6,,,0
