5019,'1442650',1112,,1,13,,,0
5019,'1442688',1012,,2,13,,,0
5019,'1442690',912,,3,13,,,0
5019,'1442938',1712,,4,13,,,0
5019,'1443029',1612,,5,13,,,0
5019,'1443081',812,,6,13,,,0
5019,'1443286',1212,,7,13,,,0
5019,'1443417',1812,,8,13,,,0
5019,'1443735',1412,,9,13,,,0
5019,'1443904',1512,,10,13,,,0
5019,'1443973',712,,11,13,,,0
5019,'1444646',1312,,12,13,,,0
5019,'1468946',712,,13,13,,,0
5019,'1468947',812,,14,13,,,0
5019,'1468948',912,,15,13,,,0
5019,'1468949',1012,,16,13,,,0
5019,'1468950',1112,,17,13,,,0
5019,'1468951',1212,,18,13,,,0
5019,'1468952',1312,,19,13,,,0
5019,'1468953',1412,,20,13,,,0
5019,'1468954',1512,,21,13,,,0
5019,'1468955',1612,,22,13,,,0
5019,'1468956',1712,,23,13,,,0
5019,'1468957',1812,,24,13,,,0
902029,'1442623',2008,,336,8,,,0
902029,'1443277',2108,,343,8,,,0
902029,'1443327',2208,,346,8,,,0
902029,'1443696',2008,,350,8,,,0
902029,'1443801',1508,,353,8,,,0
902029,'1443882',1708,,354,8,,,0
902029,'1444181',1308,,357,8,,,0
902029,'1444215',2208,,358,8,,,0
902029,'1444222',1208,,359,8,,,0
902029,'1444364',1608,,360,8,,,0
902029,'1444425',1108,,361,8,,,0
902029,'1444479',2108,,362,8,,,0
902029,'1444524',1008,,363,8,,,0
