5019,'1442650',1109,,1,8,,,0
5019,'1442688',1009,,2,8,,,0
5019,'1442690',909,,3,8,,,0
5019,'1442938',1709,,4,8,,,0
5019,'1443029',1609,,5,8,,,0
5019,'1443081',809,,6,8,,,0
5019,'1443286',1209,,7,8,,,0
5019,'1443417',1809,,8,8,,,0
5019,'1443735',1409,,9,8,,,0
5019,'1443904',1509,,10,8,,,0
5019,'1443973',709,,11,8,,,0
5019,'1444646',1309,,12,8,,,0
5019,'1468946',709,,13,8,,,0
5019,'1468947',809,,14,8,,,0
5019,'1468948',909,,15,8,,,0
5019,'1468949',1009,,16,8,,,0
5019,'1468950',1109,,17,8,,,0
5019,'1468951',1209,,18,8,,,0
5019,'1468952',1309,,19,8,,,0
5019,'1468953',1409,,20,8,,,0
5019,'1468954',1509,,21,8,,,0
5019,'1468955',1609,,22,8,,,0
5019,'1468956',1709,,23,8,,,0
5019,'1468957',1809,,24,8,,,0
901029,'1481215',2237,,303,9,,,0
901029,'1481216',2137,,304,9,,,0
901029,'1481217',2037,,305,9,,,0
901029,'1481218',1937,,306,9,,,0
901029,'1481231',837,,318,9,,,0
901029,'1481232',937,,319,9,,,0
901029,'1481233',1037,,320,9,,,0
901029,'1481234',1137,,321,9,,,0
901029,'1481235',1237,,322,9,,,0
901029,'1481236',1337,,323,9,,,0
901029,'1481237',1437,,324,9,,,0
901029,'1481238',1537,,325,9,,,0
901029,'1481239',1637,,326,9,,,0
901029,'1481240',1737,,327,9,,,0
901029,'1481300',2237,,332,9,,,0
901029,'1481301',2137,,333,9,,,0
901029,'1481302',2037,,334,9,,,0
901029,'1481303',1937,,335,9,,,0
