909,'1442574',1333,,37,6,,,0
909,'1442601',1433,,38,6,,,0
909,'1442683',1233,,39,6,,,0
909,'1442720',733,,40,6,,,0
909,'1442725',1333,,41,6,,,0
909,'1442740',1533,,42,6,,,0
909,'1442981',1533,,43,6,,,0
909,'1443060',1033,,44,6,,,0
909,'1443114',833,,45,6,,,0
909,'1443507',733,,46,6,,,0
909,'1443572',1833,,47,6,,,0
909,'1443665',833,,48,6,,,0
909,'1443760',1433,,49,6,,,0
909,'1444093',933,,50,6,,,0
909,'1444114',1633,,51,6,,,0
909,'1444140',1633,,52,6,,,0
909,'1444157',1733,,53,6,,,0
909,'1444177',633,,54,6,,,0
909,'1444202',933,,55,6,,,0
909,'1444275',1133,,56,6,,,0
909,'1444286',633,,57,6,,,0
909,'1444316',1733,,58,6,,,0
909,'1444336',1033,,59,6,,,0
909,'1444355',1233,,60,6,,,0
909,'1444529',1833,,61,6,,,0
909,'1444681',1133,,62,6,,,0
1609,'1442759',1134,,63,5,0,5,0
1609,'1442908',1634,,64,5,0,5,0
1609,'1443382',1534,,65,5,0,5,0
1609,'1443639',934,,66,5,0,5,0
1609,'1443689',1834,,67,5,0,5,0
1609,'1443695',1034,,68,5,0,5,0
1609,'1443794',1234,,69,5,0,5,0
1609,'1443910',1434,,70,5,0,5,0
1609,'1443990',1334,,71,5,0,5,0
1609,'1444348',1734,,72,5,0,5,0
1609,'1444457',834,,73,5,0,5,0
1609,'1444527',734,,74,5,0,5,0
1609,'1444699',634,,75,5,0,5,0
1609,'1471644',634,,76,5,0,6 7,0
1609,'1471645',734,,77,5,0,6 7,0
1609,'1471646',834,,78,5,0,6 7,0
1609,'1471647',934,,79,5,0,6 7,0
1609,'1471648',1034,,80,5,0,6 7,0
1609,'1471649',1134,,81,5,0,6 7,0
1609,'1471650',1234,,82,5,0,6 7,0
1609,'1471651',1334,,83,5,0,6 7,0
1609,'1471652',1434,,84,5,0,6 7,0
1609,'1471653',1534,,85,5,0,6 7,0
1609,'1471654',1634,,86,5,0,6 7,0
1609,'1471655',1734,,87,5,0,6 7,0
1609,'1471656',1834,,88,5,0,6 7,0
1609,'1471657',704,,89,5,0,6 7,0
1609,'1471658',804,,90,5,0,6 7,0
1609,'1471659',904,,91,5,0,6 7,0
1609,'1471660',1104,,92,5,0,8,0
1609,'1471661',1604,,93,5,0,6 7,0
1609,'1471662',1204,,94,5,0,8,0
1609,'1471663',1304,,95,5,0,8,0
1609,'1471664',1704,,96,5,0,6 7,0
1609,'1471665',1804,,97,5,0,6 7,0
1609,'1471666',1004,,98,5,0,8,0
1609,'1471667',1504,,99,5,0,6 7,0
1609,'1471668',1404,,100,5,0,8,0
90109,'1481211',2232,,299,5,0,6,0
90109,'1481212',1932,,300,5,0,6,0
90109,'1481213',2032,,301,5,0,6,0
90109,'1481214',2132,,302,5,0,6,0
90109,'1481220',832,,307,5,0,6,0
90109,'1481221',932,,308,5,0,6,0
90109,'1481222',1032,,309,5,0,6,0
90109,'1481223',1132,,310,5,0,6,0
90109,'1481224',1232,,311,5,0,6,0
90109,'1481225',1332,,312,5,0,6,0
90109,'1481226',1432,,313,5,0,6,0
90109,'1481227',1532,,314,5,0,6,0
90109,'1481228',1632,,315,5,0,6,0
90109,'1481229',1732,,316,5,0,6,0
90109,'1481230',1832,,317,5,0,6,0
90109,'1481296',2232,,328,5,0,6,0
90109,'1481297',1932,,329,5,0,6,0
90109,'1481298',2032,,330,5,0,6,0
90109,'1481299',2132,,331,5,0,6,0
