16019,'1442759',1222,,63,53,0,5,0
16019,'1442908',1722,,64,53,0,5,0
16019,'1443382',1622,,65,53,0,5,0
16019,'1443639',1022,,66,53,0,5,0
16019,'1443689',1922,,67,53,0,5,0
16019,'1443695',1122,,68,53,0,5,0
16019,'1443794',1322,,69,53,0,5,0
16019,'1443910',1522,,70,53,0,5,0
16019,'1443990',1422,,71,53,0,5,0
16019,'1444348',1822,,72,53,0,5,0
16019,'1444457',922,,73,53,0,5,0
16019,'1444527',822,,74,53,0,5,0
16019,'1444699',722,,75,53,0,5,0
16019,'1471644',722,,76,55,0,6 7,0
16019,'1471645',822,,77,55,0,6 7,0
16019,'1471646',922,,78,55,0,6 7,0
16019,'1471647',1022,,79,55,0,6 7,0
16019,'1471648',1122,,80,55,0,6 7,0
16019,'1471649',1222,,81,55,0,6 7,0
16019,'1471650',1322,,82,55,0,6 7,0
16019,'1471651',1422,,83,55,0,6 7,0
16019,'1471652',1522,,84,55,0,6 7,0
16019,'1471653',1622,,85,55,0,6 7,0
16019,'1471654',1722,,86,55,0,6 7,0
16019,'1471655',1822,,87,55,0,6 7,0
16019,'1471656',1922,,88,55,0,6 7,0
16019,'1471657',752,,89,55,0,6 7,0
16019,'1471658',852,,90,55,0,6 7,0
16019,'1471659',952,,91,55,0,6 7,0
16019,'1471660',1152,,92,56,0,8,0
16019,'1471661',1652,,93,55,0,6 7,0
16019,'1471662',1252,,94,56,0,8,0
16019,'1471663',1352,,95,56,0,8,0
16019,'1471664',1752,,96,55,0,6 7,0
16019,'1471665',1852,,97,55,0,6 7,0
16019,'1471666',1052,,98,56,0,8,0
16019,'1471667',1552,,99,55,0,6 7,0
16019,'1471668',1452,,100,56,0,8,0
901019,'1481211',2316,,299,53,,,0
901019,'1481212',2016,,300,53,,,0
901019,'1481213',2116,,301,53,,,0
901019,'1481214',2216,,302,53,,,0
901019,'1481220',916,,307,53,,,0
901019,'1481221',1016,,308,53,,,0
901019,'1481222',1116,,309,53,,,0
901019,'1481223',1216,,310,53,,,0
901019,'1481224',1316,,311,53,,,0
901019,'1481225',1416,,312,53,,,0
901019,'1481226',1516,,313,53,,,0
901019,'1481227',1616,,314,53,,,0
901019,'1481228',1716,,315,53,,,0
901019,'1481229',1816,,316,53,,,0
901019,'1481230',1916,,317,53,,,0
901019,'1481296',2323,,328,53,,,0
901019,'1481297',2023,,329,53,,,0
901019,'1481298',2123,,330,53,,,0
901019,'1481299',2223,,331,53,,,0
