1609,'1442759',1204,,63,35,0,5,0
1609,'1442908',1704,,64,35,0,5,0
1609,'1443382',1604,,65,35,0,5,0
1609,'1443639',1004,,66,35,0,5,0
1609,'1443689',1904,,67,35,0,5,0
1609,'1443695',1104,,68,35,0,5,0
1609,'1443794',1304,,69,35,0,5,0
1609,'1443910',1504,,70,35,0,5,0
1609,'1443990',1404,,71,35,0,5,0
1609,'1444348',1804,,72,35,0,5,0
1609,'1444457',904,,73,35,0,5,0
1609,'1444527',804,,74,35,0,5,0
1609,'1444699',704,,75,35,0,5,0
1609,'1471644',704,,76,37,0,6 7,0
1609,'1471645',804,,77,37,0,6 7,0
1609,'1471646',904,,78,37,0,6 7,0
1609,'1471647',1004,,79,37,0,6 7,0
1609,'1471648',1104,,80,37,0,6 7,0
1609,'1471649',1204,,81,37,0,6 7,0
1609,'1471650',1304,,82,37,0,6 7,0
1609,'1471651',1404,,83,37,0,6 7,0
1609,'1471652',1504,,84,37,0,6 7,0
1609,'1471653',1604,,85,37,0,6 7,0
1609,'1471654',1704,,86,37,0,6 7,0
1609,'1471655',1804,,87,37,0,6 7,0
1609,'1471656',1904,,88,37,0,6 7,0
1609,'1471657',734,,89,37,0,6 7,0
1609,'1471658',834,,90,37,0,6 7,0
1609,'1471659',934,,91,37,0,6 7,0
1609,'1471660',1134,,92,38,0,8,0
1609,'1471661',1634,,93,37,0,6 7,0
1609,'1471662',1234,,94,38,0,8,0
1609,'1471663',1334,,95,38,0,8,0
1609,'1471664',1734,,96,37,0,6 7,0
1609,'1471665',1834,,97,37,0,6 7,0
1609,'1471666',1034,,98,38,0,8,0
1609,'1471667',1534,,99,37,0,6 7,0
1609,'1471668',1434,,100,38,0,8,0
90109,'1481211',2257,,299,35,0,6,0
90109,'1481212',1957,,300,35,0,6,0
90109,'1481213',2057,,301,35,0,6,0
90109,'1481214',2157,,302,35,0,6,0
90109,'1481220',857,,307,35,0,6,0
90109,'1481221',957,,308,35,0,6,0
90109,'1481222',1057,,309,35,0,6,0
90109,'1481223',1157,,310,35,0,6,0
90109,'1481224',1257,,311,35,0,6,0
90109,'1481225',1357,,312,35,0,6,0
90109,'1481226',1457,,313,35,0,6,0
90109,'1481227',1557,,314,35,0,6,0
90109,'1481228',1657,,315,35,0,6,0
90109,'1481229',1757,,316,35,0,6,0
90109,'1481230',1857,,317,35,0,6,0
90109,'1481296',2304,,328,35,0,6,0
90109,'1481297',2004,,329,35,0,6,0
90109,'1481298',2104,,330,35,0,6,0
90109,'1481299',2204,,331,35,0,6,0
