90109,'1481215',2317,,303,53,0,11 12,0
90109,'1481216',2217,,304,53,0,11 12,0
90109,'1481217',2117,,305,53,0,11 12,0
90109,'1481218',2017,,306,53,0,11 12,0
90109,'1481231',917,,318,53,0,11 12,0
90109,'1481232',1017,,319,53,0,11 12,0
90109,'1481233',1117,,320,53,0,11 12,0
90109,'1481234',1217,,321,53,0,11 12,0
90109,'1481235',1317,,322,53,0,11 12,0
90109,'1481236',1417,,323,53,0,11 12,0
90109,'1481237',1517,,324,53,0,11 12,0
90109,'1481238',1617,,325,53,0,11 12,0
90109,'1481239',1717,,326,53,0,11 12,0
90109,'1481240',1817,,327,53,0,11 12,0
90109,'1481300',2320,,332,53,0,11 12,0
90109,'1481301',2220,,333,53,0,11 12,0
90109,'1481302',2120,,334,53,0,11 12,0
90109,'1481303',2020,,335,53,0,11 12,0
