3209,'1442596',1802,,141,3,,,0
3209,'1442687',932,,142,3,,,0
3209,'1442754',632,,143,3,,,0
3209,'1442760',1402,,144,3,,,0
3209,'1442882',1732,,145,3,,,0
3209,'1442921',1332,,146,3,,,0
3209,'1442945',1532,,147,3,,,0
3209,'1443019',1032,,148,3,,,0
3209,'1443027',1732,,149,3,,,0
3209,'1443032',1132,,150,3,,,0
3209,'1443124',1002,,151,3,,,0
3209,'1443173',1702,,152,3,,,0
3209,'1443223',832,,153,3,,,0
3209,'1443230',732,,154,3,,,0
3209,'1443346',1202,,155,3,,,0
3209,'1443371',1632,,156,3,,,0
3209,'1443418',632,,157,3,,,0
3209,'1443451',1832,,158,3,,,0
3209,'1443460',1502,,159,3,,,0
3209,'1443559',1332,,160,3,,,0
3209,'1443566',1432,,161,3,,,0
3209,'1443666',932,,162,3,,,0
3209,'1443678',1432,,163,3,,,0
3209,'1443693',902,,164,3,,,0
3209,'1443729',1102,,165,3,,,0
3209,'1443750',1232,,166,3,,,0
3209,'1443756',702,,167,3,,,0
3209,'1443859',832,,168,3,,,0
3209,'1443893',1832,,169,3,,,0
3209,'1444067',1132,,170,3,,,0
3209,'1444076',732,,171,3,,,0
3209,'1444125',1302,,172,3,,,0
3209,'1444263',1032,,173,3,,,0
3209,'1444410',1602,,174,3,,,0
3209,'1444513',1232,,175,3,,,0
3209,'1444517',802,,176,3,,,0
3209,'1444645',1632,,177,3,,,0
3209,'1444700',1532,,178,3,,,0
90209,'1442632',2232,,337,3,0,9 10,0
90209,'1442824',2232,,338,3,0,9 10,0
90209,'1442866',1232,,339,3,0,9 10,0
90209,'1443008',1132,,340,3,0,9 10,0
90209,'1443149',1532,,341,3,0,9 10,0
90209,'1443169',2032,,342,3,0,9 10,0
90209,'1443298',2032,,344,3,0,9 10,0
90209,'1443323',1632,,345,3,0,9 10,0
90209,'1443365',1032,,347,3,0,9 10,0
90209,'1443389',1932,,348,3,0,9 10,0
90209,'1443612',2132,,349,3,0,9 10,0
90209,'1443718',1332,,351,3,0,9 10,0
90209,'1443721',2132,,352,3,0,9 10,0
90209,'1443889',1932,,355,3,0,9 10,0
90209,'1444136',932,,356,3,0,9 10,0
