509,'1442650',1113,,1,14,,,0
509,'1442688',1013,,2,14,,,0
509,'1442690',913,,3,14,,,0
509,'1442938',1713,,4,14,,,0
509,'1443029',1613,,5,14,,,0
509,'1443081',813,,6,14,,,0
509,'1443286',1213,,7,14,,,0
509,'1443417',1813,,8,14,,,0
509,'1443735',1413,,9,14,,,0
509,'1443904',1513,,10,14,,,0
509,'1443973',713,,11,14,,,0
509,'1444646',1313,,12,14,,,0
509,'1468946',713,,13,14,,,0
509,'1468947',813,,14,14,,,0
509,'1468948',913,,15,14,,,0
509,'1468949',1013,,16,14,,,0
509,'1468950',1113,,17,14,,,0
509,'1468951',1213,,18,14,,,0
509,'1468952',1313,,19,14,,,0
509,'1468953',1413,,20,14,,,0
509,'1468954',1513,,21,14,,,0
509,'1468955',1613,,22,14,,,0
509,'1468956',1713,,23,14,,,0
509,'1468957',1813,,24,14,,,0
90209,'1442623',2008,,336,9,0,13,0
90209,'1443277',2108,,343,9,0,13,0
90209,'1443327',2208,,346,9,0,13,0
90209,'1443696',2008,,350,9,0,13,0
90209,'1443801',1508,,353,9,0,13,0
90209,'1443882',1708,,354,9,0,13,0
90209,'1444181',1308,,357,9,0,13,0
90209,'1444215',2208,,358,9,0,13,0
90209,'1444222',1208,,359,9,0,13,0
90209,'1444364',1608,,360,9,0,13,0
90209,'1444425',1108,,361,9,0,13,0
90209,'1444479',2108,,362,9,0,13,0
90209,'1444524',1008,,363,9,0,13,0
