5019,'1442650',1121,,1,24,,,0
5019,'1442688',1021,,2,24,,,0
5019,'1442690',921,,3,24,,,0
5019,'1442938',1721,,4,24,,,0
5019,'1443029',1621,,5,24,,,0
5019,'1443081',821,,6,24,,,0
5019,'1443286',1221,,7,24,,,0
5019,'1443417',1821,,8,24,,,0
5019,'1443735',1421,,9,24,,,0
5019,'1443904',1521,,10,24,,,0
5019,'1443973',721,,11,24,,,0
5019,'1444646',1321,,12,24,,,0
5019,'1468946',721,,13,24,,,0
5019,'1468947',821,,14,24,,,0
5019,'1468948',921,,15,24,,,0
5019,'1468949',1021,,16,24,,,0
5019,'1468950',1121,,17,24,,,0
5019,'1468951',1221,,18,24,,,0
5019,'1468952',1321,,19,24,,,0
5019,'1468953',1421,,20,24,,,0
5019,'1468954',1521,,21,24,,,0
5019,'1468955',1621,,22,24,,,0
5019,'1468956',1721,,23,24,,,0
5019,'1468957',1821,,24,24,,,0
