609,'1481208',2211,,25,18,,,0
609,'1481209',2111,,26,18,,,0
609,'1481210',2011,,27,18,,,0
609,'1481293',2211,,28,18,,,0
609,'1481294',2111,,29,18,,,0
609,'1481295',2011,,30,18,,,0
3709,'1481156',646,,179,18,,,0
3709,'1481157',716,,180,18,,,0
3709,'1481158',746,,181,18,,,0
3709,'1481159',816,,182,18,,,0
3709,'1481160',846,,183,18,,,0
3709,'1481161',916,,184,18,,,0
3709,'1481162',946,,185,18,,,0
3709,'1481163',1016,,186,18,,,0
3709,'1481164',1046,,187,18,,,0
3709,'1481165',1116,,188,18,,,0
3709,'1481166',1146,,189,18,,,0
3709,'1481167',1216,,190,18,,,0
3709,'1481168',1246,,191,18,,,0
3709,'1481169',1316,,192,18,,,0
3709,'1481170',1346,,193,18,,,0
3709,'1481171',1416,,194,18,,,0
3709,'1481172',1446,,195,18,,,0
3709,'1481173',1516,,196,18,,,0
3709,'1481174',1546,,197,18,,,0
3709,'1481175',1616,,198,18,,,0
3709,'1481176',1646,,199,18,,,0
3709,'1481177',1716,,200,18,,,0
3709,'1481178',1746,,201,18,,,0
3709,'1481179',1816,,202,18,,,0
3709,'1481180',1846,,203,18,,,0
3709,'1481181',1916,,204,18,,,0
3709,'1481241',646,,205,18,,,0
3709,'1481242',716,,206,18,,,0
3709,'1481243',746,,207,18,,,0
3709,'1481244',816,,208,18,,,0
3709,'1481245',846,,209,18,,,0
3709,'1481246',916,,210,18,,,0
3709,'1481247',946,,211,18,,,0
3709,'1481248',1016,,212,18,,,0
3709,'1481249',1046,,213,18,,,0
3709,'1481250',1116,,214,18,,,0
3709,'1481251',1146,,215,18,,,0
3709,'1481252',1216,,216,18,,,0
3709,'1481253',1246,,217,18,,,0
3709,'1481254',1316,,218,18,,,0
3709,'1481255',1346,,219,18,,,0
3709,'1481256',1416,,220,18,,,0
3709,'1481257',1446,,221,18,,,0
3709,'1481258',1516,,222,18,,,0
3709,'1481259',1546,,223,18,,,0
3709,'1481260',1616,,224,18,,,0
3709,'1481261',1646,,225,18,,,0
3709,'1481262',1716,,226,18,,,0
3709,'1481263',1746,,227,18,,,0
3709,'1481264',1816,,228,18,,,0
3709,'1481265',1846,,229,18,,,0
3709,'1481266',1916,,230,18,,,0
3809,'1481182',704,,231,46,,,0
3809,'1481183',734,,232,46,,,0
3809,'1481184',804,,233,46,,,0
3809,'1481185',834,,234,46,,,0
3809,'1481186',904,,235,46,,,0
3809,'1481187',934,,236,46,,,0
3809,'1481188',1004,,237,46,,,0
3809,'1481189',1034,,238,46,,,0
3809,'1481190',1104,,239,46,,,0
3809,'1481191',1134,,240,46,,,0
3809,'1481192',1204,,241,46,,,0
3809,'1481193',1234,,242,46,,,0
3809,'1481194',1304,,243,46,,,0
3809,'1481195',1334,,244,46,,,0
3809,'1481196',1404,,245,46,,,0
3809,'1481197',1434,,246,46,,,0
3809,'1481198',1504,,247,46,,,0
3809,'1481199',1534,,248,46,,,0
3809,'1481200',1604,,249,46,,,0
3809,'1481201',1634,,250,46,,,0
3809,'1481202',1704,,251,46,,,0
3809,'1481203',1734,,252,46,,,0
3809,'1481204',1804,,253,46,,,0
3809,'1481205',1834,,254,46,,,0
3809,'1481206',1904,,255,46,,,0
3809,'1481207',1934,,256,46,,,0
3809,'1481267',704,,257,46,,,0
3809,'1481268',734,,258,46,,,0
3809,'1481269',804,,259,46,,,0
3809,'1481270',834,,260,46,,,0
3809,'1481271',904,,261,46,,,0
3809,'1481272',934,,262,46,,,0
3809,'1481273',1004,,263,46,,,0
3809,'1481274',1034,,264,46,,,0
3809,'1481275',1104,,265,46,,,0
3809,'1481276',1134,,266,46,,,0
3809,'1481277',1204,,267,46,,,0
3809,'1481278',1234,,268,46,,,0
3809,'1481279',1304,,269,46,,,0
3809,'1481280',1334,,270,46,,,0
3809,'1481281',1404,,271,46,,,0
3809,'1481282',1434,,272,46,,,0
3809,'1481283',1504,,273,46,,,0
3809,'1481284',1534,,274,46,,,0
3809,'1481285',1604,,275,46,,,0
3809,'1481286',1634,,276,46,,,0
3809,'1481287',1704,,277,46,,,0
3809,'1481288',1734,,278,46,,,0
3809,'1481289',1804,,279,46,,,0
3809,'1481290',1834,,280,46,,,0
3809,'1481291',1907,,281,46,,,0
3809,'1481292',1937,,282,46,,,0
