3209,'1442596',1817,,141,28,,,0
3209,'1442687',947,,142,28,,,0
3209,'1442754',647,,143,28,,,0
3209,'1442760',1417,,144,28,,,0
3209,'1442882',1747,,145,28,,,0
3209,'1442921',1347,,146,28,,,0
3209,'1442945',1547,,147,28,,,0
3209,'1443019',1047,,148,28,,,0
3209,'1443027',1747,,149,28,,,0
3209,'1443032',1147,,150,28,,,0
3209,'1443124',1017,,151,28,,,0
3209,'1443173',1717,,152,28,,,0
3209,'1443223',847,,153,28,,,0
3209,'1443230',747,,154,28,,,0
3209,'1443346',1217,,155,28,,,0
3209,'1443371',1647,,156,28,,,0
3209,'1443418',647,,157,28,,,0
3209,'1443451',1847,,158,28,,,0
3209,'1443460',1517,,159,28,,,0
3209,'1443559',1347,,160,28,,,0
3209,'1443566',1447,,161,28,,,0
3209,'1443666',947,,162,28,,,0
3209,'1443678',1447,,163,28,,,0
3209,'1443693',917,,164,28,,,0
3209,'1443729',1117,,165,28,,,0
3209,'1443750',1247,,166,28,,,0
3209,'1443756',717,,167,28,,,0
3209,'1443859',847,,168,28,,,0
3209,'1443893',1847,,169,28,,,0
3209,'1444067',1147,,170,28,,,0
3209,'1444076',747,,171,28,,,0
3209,'1444125',1317,,172,28,,,0
3209,'1444263',1047,,173,28,,,0
3209,'1444410',1617,,174,28,,,0
3209,'1444513',1247,,175,28,,,0
3209,'1444517',817,,176,28,,,0
3209,'1444645',1647,,177,28,,,0
3209,'1444700',1547,,178,28,,,0
90209,'1442632',2246,,337,28,0,9 10,0
90209,'1442824',2246,,338,28,0,9 10,0
90209,'1442866',1246,,339,28,0,9 10,0
90209,'1443008',1146,,340,28,0,9 10,0
90209,'1443149',1546,,341,28,0,9 10,0
90209,'1443169',2046,,342,28,0,9 10,0
90209,'1443298',2046,,344,28,0,9 10,0
90209,'1443323',1646,,345,28,0,9 10,0
90209,'1443365',1046,,347,28,0,9 10,0
90209,'1443389',1946,,348,28,0,9 10,0
90209,'1443612',2146,,349,28,0,9 10,0
90209,'1443718',1346,,351,28,0,9 10,0
90209,'1443721',2146,,352,28,0,9 10,0
90209,'1443889',1946,,355,28,0,9 10,0
90209,'1444136',946,,356,28,0,9 10,0
