38019,'1481182',639,,231,9,,,0
38019,'1481183',709,,232,9,,,0
38019,'1481184',739,,233,9,,,0
38019,'1481185',809,,234,9,,,0
38019,'1481186',839,,235,9,,,0
38019,'1481187',909,,236,9,,,0
38019,'1481188',939,,237,9,,,0
38019,'1481189',1009,,238,9,,,0
38019,'1481190',1039,,239,9,,,0
38019,'1481191',1109,,240,9,,,0
38019,'1481192',1139,,241,9,,,0
38019,'1481193',1209,,242,9,,,0
38019,'1481194',1239,,243,9,,,0
38019,'1481195',1309,,244,9,,,0
38019,'1481196',1339,,245,9,,,0
38019,'1481197',1409,,246,9,,,0
38019,'1481198',1439,,247,9,,,0
38019,'1481199',1509,,248,9,,,0
38019,'1481200',1539,,249,9,,,0
38019,'1481201',1609,,250,9,,,0
38019,'1481202',1639,,251,9,,,0
38019,'1481203',1709,,252,9,,,0
38019,'1481204',1739,,253,9,,,0
38019,'1481205',1809,,254,9,,,0
38019,'1481206',1839,,255,9,,,0
38019,'1481207',1909,,256,9,,,0
38019,'1481267',639,,257,9,,,0
38019,'1481268',709,,258,9,,,0
38019,'1481269',739,,259,9,,,0
38019,'1481270',809,,260,9,,,0
38019,'1481271',839,,261,9,,,0
38019,'1481272',909,,262,9,,,0
38019,'1481273',939,,263,9,,,0
38019,'1481274',1009,,264,9,,,0
38019,'1481275',1039,,265,9,,,0
38019,'1481276',1109,,266,9,,,0
38019,'1481277',1139,,267,9,,,0
38019,'1481278',1209,,268,9,,,0
38019,'1481279',1239,,269,9,,,0
38019,'1481280',1309,,270,9,,,0
38019,'1481281',1339,,271,9,,,0
38019,'1481282',1409,,272,9,,,0
38019,'1481283',1439,,273,9,,,0
38019,'1481284',1509,,274,9,,,0
38019,'1481285',1539,,275,9,,,0
38019,'1481286',1609,,276,9,,,0
38019,'1481287',1639,,277,9,,,0
38019,'1481288',1709,,278,9,,,0
38019,'1481289',1739,,279,9,,,0
38019,'1481290',1809,,280,9,,,0
38019,'1481291',1839,,281,9,,,0
38019,'1481292',1909,,282,9,,,0
