909,'1442574',1336,,37,9,,,0
909,'1442601',1436,,38,9,,,0
909,'1442683',1236,,39,9,,,0
909,'1442720',736,,40,9,,,0
909,'1442725',1336,,41,9,,,0
909,'1442740',1536,,42,9,,,0
909,'1442981',1536,,43,9,,,0
909,'1443060',1036,,44,9,,,0
909,'1443114',836,,45,9,,,0
909,'1443507',736,,46,9,,,0
909,'1443572',1836,,47,9,,,0
909,'1443665',836,,48,9,,,0
909,'1443760',1436,,49,9,,,0
909,'1444093',936,,50,9,,,0
909,'1444114',1636,,51,9,,,0
909,'1444140',1636,,52,9,,,0
909,'1444157',1736,,53,9,,,0
909,'1444177',636,,54,9,,,0
909,'1444202',936,,55,9,,,0
909,'1444275',1136,,56,9,,,0
909,'1444286',636,,57,9,,,0
909,'1444316',1736,,58,9,,,0
909,'1444336',1036,,59,9,,,0
909,'1444355',1236,,60,9,,,0
909,'1444529',1836,,61,9,,,0
909,'1444681',1136,,62,9,,,0
1609,'1442759',1135,,63,7,0,5,0
1609,'1442908',1635,,64,7,0,5,0
1609,'1443382',1535,,65,7,0,5,0
1609,'1443639',935,,66,7,0,5,0
1609,'1443689',1835,,67,7,0,5,0
1609,'1443695',1035,,68,7,0,5,0
1609,'1443794',1235,,69,7,0,5,0
1609,'1443910',1435,,70,7,0,5,0
1609,'1443990',1335,,71,7,0,5,0
1609,'1444348',1735,,72,7,0,5,0
1609,'1444457',835,,73,7,0,5,0
1609,'1444527',735,,74,7,0,5,0
1609,'1444699',635,,75,7,0,5,0
1609,'1471644',635,,76,7,0,6 7,0
1609,'1471645',735,,77,7,0,6 7,0
1609,'1471646',835,,78,7,0,6 7,0
1609,'1471647',935,,79,7,0,6 7,0
1609,'1471648',1035,,80,7,0,6 7,0
1609,'1471649',1135,,81,7,0,6 7,0
1609,'1471650',1235,,82,7,0,6 7,0
1609,'1471651',1335,,83,7,0,6 7,0
1609,'1471652',1435,,84,7,0,6 7,0
1609,'1471653',1535,,85,7,0,6 7,0
1609,'1471654',1635,,86,7,0,6 7,0
1609,'1471655',1735,,87,7,0,6 7,0
1609,'1471656',1835,,88,7,0,6 7,0
1609,'1471657',705,,89,7,0,6 7,0
1609,'1471658',805,,90,7,0,6 7,0
1609,'1471659',905,,91,7,0,6 7,0
1609,'1471660',1105,,92,7,0,8,0
1609,'1471661',1605,,93,7,0,6 7,0
1609,'1471662',1205,,94,7,0,8,0
1609,'1471663',1305,,95,7,0,8,0
1609,'1471664',1705,,96,7,0,6 7,0
1609,'1471665',1805,,97,7,0,6 7,0
1609,'1471666',1005,,98,7,0,8,0
1609,'1471667',1505,,99,7,0,6 7,0
1609,'1471668',1405,,100,7,0,8,0
90109,'1481211',2234,,299,7,0,6,0
90109,'1481212',1934,,300,7,0,6,0
90109,'1481213',2034,,301,7,0,6,0
90109,'1481214',2134,,302,7,0,6,0
90109,'1481220',834,,307,7,0,6,0
90109,'1481221',934,,308,7,0,6,0
90109,'1481222',1034,,309,7,0,6,0
90109,'1481223',1134,,310,7,0,6,0
90109,'1481224',1234,,311,7,0,6,0
90109,'1481225',1334,,312,7,0,6,0
90109,'1481226',1434,,313,7,0,6,0
90109,'1481227',1534,,314,7,0,6,0
90109,'1481228',1634,,315,7,0,6,0
90109,'1481229',1734,,316,7,0,6,0
90109,'1481230',1834,,317,7,0,6,0
90109,'1481296',2234,,328,7,0,6,0
90109,'1481297',1934,,329,7,0,6,0
90109,'1481298',2034,,330,7,0,6,0
90109,'1481299',2134,,331,7,0,6,0
