37019,'1481156',708,,179,48,,,0
37019,'1481157',738,,180,48,,,0
37019,'1481158',808,,181,48,,,0
37019,'1481159',838,,182,48,,,0
37019,'1481160',908,,183,48,,,0
37019,'1481161',938,,184,48,,,0
37019,'1481162',1008,,185,48,,,0
37019,'1481163',1038,,186,48,,,0
37019,'1481164',1108,,187,48,,,0
37019,'1481165',1138,,188,48,,,0
37019,'1481166',1208,,189,48,,,0
37019,'1481167',1238,,190,48,,,0
37019,'1481168',1308,,191,48,,,0
37019,'1481169',1338,,192,48,,,0
37019,'1481170',1408,,193,48,,,0
37019,'1481171',1438,,194,48,,,0
37019,'1481172',1508,,195,48,,,0
37019,'1481173',1538,,196,48,,,0
37019,'1481174',1608,,197,48,,,0
37019,'1481175',1638,,198,48,,,0
37019,'1481176',1708,,199,48,,,0
37019,'1481177',1738,,200,48,,,0
37019,'1481178',1808,,201,48,,,0
37019,'1481179',1838,,202,48,,,0
37019,'1481180',1908,,203,48,,,0
37019,'1481181',1938,,204,48,,,0
37019,'1481241',709,,205,48,,,0
37019,'1481242',739,,206,48,,,0
37019,'1481243',809,,207,48,,,0
37019,'1481244',839,,208,48,,,0
37019,'1481245',909,,209,48,,,0
37019,'1481246',939,,210,48,,,0
37019,'1481247',1009,,211,48,,,0
37019,'1481248',1039,,212,48,,,0
37019,'1481249',1109,,213,48,,,0
37019,'1481250',1139,,214,48,,,0
37019,'1481251',1209,,215,48,,,0
37019,'1481252',1239,,216,48,,,0
37019,'1481253',1309,,217,48,,,0
37019,'1481254',1339,,218,48,,,0
37019,'1481255',1409,,219,48,,,0
37019,'1481256',1439,,220,48,,,0
37019,'1481257',1509,,221,48,,,0
37019,'1481258',1539,,222,48,,,0
37019,'1481259',1609,,223,48,,,0
37019,'1481260',1639,,224,48,,,0
37019,'1481261',1709,,225,48,,,0
37019,'1481262',1739,,226,48,,,0
37019,'1481263',1809,,227,48,,,0
37019,'1481264',1839,,228,48,,,0
37019,'1481265',1909,,229,48,,,0
37019,'1481266',1939,,230,48,,,0
901029,'1481215',2306,,303,43,,,0
901029,'1481216',2206,,304,43,,,0
901029,'1481217',2106,,305,43,,,0
901029,'1481218',2006,,306,43,,,0
901029,'1481231',906,,318,43,,,0
901029,'1481232',1006,,319,43,,,0
901029,'1481233',1106,,320,43,,,0
901029,'1481234',1206,,321,43,,,0
901029,'1481235',1306,,322,43,,,0
901029,'1481236',1406,,323,43,,,0
901029,'1481237',1506,,324,43,,,0
901029,'1481238',1606,,325,43,,,0
901029,'1481239',1706,,326,43,,,0
901029,'1481240',1806,,327,43,,,0
901029,'1481300',2310,,332,43,,,0
901029,'1481301',2210,,333,43,,,0
901029,'1481302',2110,,334,43,,,0
901029,'1481303',2010,,335,43,,,0
