509,'1442650',1123,,1,28,,,0
509,'1442688',1023,,2,28,,,0
509,'1442690',923,,3,28,,,0
509,'1442938',1723,,4,28,,,0
509,'1443029',1623,,5,28,,,0
509,'1443081',823,,6,28,,,0
509,'1443286',1223,,7,28,,,0
509,'1443417',1823,,8,28,,,0
509,'1443735',1423,,9,28,,,0
509,'1443904',1523,,10,28,,,0
509,'1443973',723,,11,28,,,0
509,'1444646',1323,,12,28,,,0
509,'1468946',723,,13,28,,,0
509,'1468947',823,,14,28,,,0
509,'1468948',923,,15,28,,,0
509,'1468949',1023,,16,28,,,0
509,'1468950',1123,,17,28,,,0
509,'1468951',1223,,18,28,,,0
509,'1468952',1323,,19,28,,,0
509,'1468953',1423,,20,28,,,0
509,'1468954',1523,,21,28,,,0
509,'1468955',1623,,22,28,,,0
509,'1468956',1723,,23,28,,,0
509,'1468957',1823,,24,28,,,0
609,'1481208',2222,,25,32,,,0
609,'1481209',2122,,26,32,,,0
609,'1481210',2022,,27,32,,,0
609,'1481293',2222,,28,32,,,0
609,'1481294',2122,,29,32,,,0
609,'1481295',2022,,30,32,,,0
709,'1442686',2150,,31,36,,,0
709,'1443170',2050,,32,36,,,0
709,'1443421',2054,,33,36,,,0
709,'1444160',1954,,34,36,,,0
709,'1444518',1950,,35,36,,,0
709,'1444604',2154,,36,36,,,0
3709,'1481156',720,,179,63,,,0
3709,'1481157',750,,180,63,,,0
3709,'1481158',820,,181,63,,,0
3709,'1481159',850,,182,63,,,0
3709,'1481160',920,,183,63,,,0
3709,'1481161',950,,184,63,,,0
3709,'1481162',1020,,185,63,,,0
3709,'1481163',1050,,186,63,,,0
3709,'1481164',1120,,187,63,,,0
3709,'1481165',1150,,188,63,,,0
3709,'1481166',1220,,189,63,,,0
3709,'1481167',1250,,190,63,,,0
3709,'1481168',1320,,191,63,,,0
3709,'1481169',1350,,192,63,,,0
3709,'1481170',1420,,193,63,,,0
3709,'1481171',1450,,194,63,,,0
3709,'1481172',1520,,195,63,,,0
3709,'1481173',1550,,196,63,,,0
3709,'1481174',1620,,197,63,,,0
3709,'1481175',1650,,198,63,,,0
3709,'1481176',1720,,199,63,,,0
3709,'1481177',1750,,200,63,,,0
3709,'1481178',1820,,201,63,,,0
3709,'1481179',1850,,202,63,,,0
3709,'1481180',1920,,203,63,,,0
3709,'1481181',1950,,204,63,,,0
3709,'1481241',723,,205,63,,,0
3709,'1481242',753,,206,63,,,0
3709,'1481243',823,,207,63,,,0
3709,'1481244',853,,208,63,,,0
3709,'1481245',923,,209,63,,,0
3709,'1481246',953,,210,63,,,0
3709,'1481247',1023,,211,63,,,0
3709,'1481248',1053,,212,63,,,0
3709,'1481249',1123,,213,63,,,0
3709,'1481250',1153,,214,63,,,0
3709,'1481251',1223,,215,63,,,0
3709,'1481252',1253,,216,63,,,0
3709,'1481253',1323,,217,63,,,0
3709,'1481254',1353,,218,63,,,0
3709,'1481255',1423,,219,63,,,0
3709,'1481256',1453,,220,63,,,0
3709,'1481257',1523,,221,63,,,0
3709,'1481258',1553,,222,63,,,0
3709,'1481259',1623,,223,63,,,0
3709,'1481260',1653,,224,63,,,0
3709,'1481261',1723,,225,63,,,0
3709,'1481262',1753,,226,63,,,0
3709,'1481263',1823,,227,63,,,0
3709,'1481264',1853,,228,63,,,0
3709,'1481265',1923,,229,63,,,0
3709,'1481266',1953,,230,63,,,0
3809,'1481182',719,,231,60,,,0
3809,'1481183',749,,232,60,,,0
3809,'1481184',819,,233,60,,,0
3809,'1481185',849,,234,60,,,0
3809,'1481186',919,,235,60,,,0
3809,'1481187',949,,236,60,,,0
3809,'1481188',1019,,237,60,,,0
3809,'1481189',1049,,238,60,,,0
3809,'1481190',1119,,239,60,,,0
3809,'1481191',1149,,240,60,,,0
3809,'1481192',1219,,241,60,,,0
3809,'1481193',1249,,242,60,,,0
3809,'1481194',1319,,243,60,,,0
3809,'1481195',1349,,244,60,,,0
3809,'1481196',1419,,245,60,,,0
3809,'1481197',1449,,246,60,,,0
3809,'1481198',1519,,247,60,,,0
3809,'1481199',1549,,248,60,,,0
3809,'1481200',1619,,249,60,,,0
3809,'1481201',1649,,250,60,,,0
3809,'1481202',1719,,251,60,,,0
3809,'1481203',1749,,252,60,,,0
3809,'1481204',1819,,253,60,,,0
3809,'1481205',1849,,254,60,,,0
3809,'1481206',1919,,255,60,,,0
3809,'1481207',1949,,256,60,,,0
3809,'1481267',719,,257,60,,,0
3809,'1481268',749,,258,60,,,0
3809,'1481269',819,,259,60,,,0
3809,'1481270',849,,260,60,,,0
3809,'1481271',919,,261,60,,,0
3809,'1481272',949,,262,60,,,0
3809,'1481273',1019,,263,60,,,0
3809,'1481274',1049,,264,60,,,0
3809,'1481275',1119,,265,60,,,0
3809,'1481276',1149,,266,60,,,0
3809,'1481277',1219,,267,60,,,0
3809,'1481278',1249,,268,60,,,0
3809,'1481279',1319,,269,60,,,0
3809,'1481280',1349,,270,60,,,0
3809,'1481281',1419,,271,60,,,0
3809,'1481282',1449,,272,60,,,0
3809,'1481283',1519,,273,60,,,0
3809,'1481284',1549,,274,60,,,0
3809,'1481285',1619,,275,60,,,0
3809,'1481286',1649,,276,60,,,0
3809,'1481287',1719,,277,60,,,0
3809,'1481288',1749,,278,60,,,0
3809,'1481289',1819,,279,60,,,0
3809,'1481290',1849,,280,60,,,0
3809,'1481291',1923,,281,60,,,0
3809,'1481292',1953,,282,60,,,0
90109,'1481215',2320,,303,58,0,11 12,0
90109,'1481216',2220,,304,58,0,11 12,0
90109,'1481217',2120,,305,58,0,11 12,0
90109,'1481218',2020,,306,58,0,11 12,0
90109,'1481231',920,,318,58,0,11 12,0
90109,'1481232',1020,,319,58,0,11 12,0
90109,'1481233',1120,,320,58,0,11 12,0
90109,'1481234',1220,,321,58,0,11 12,0
90109,'1481235',1320,,322,58,0,11 12,0
90109,'1481236',1420,,323,58,0,11 12,0
90109,'1481237',1520,,324,58,0,11 12,0
90109,'1481238',1620,,325,58,0,11 12,0
90109,'1481239',1720,,326,58,0,11 12,0
90109,'1481240',1820,,327,58,0,11 12,0
90109,'1481300',2323,,332,58,0,11 12,0
90109,'1481301',2223,,333,58,0,11 12,0
90109,'1481302',2123,,334,58,0,11 12,0
90109,'1481303',2023,,335,58,0,11 12,0
7600009,'1442746',1023,,364,34,,,0
7600009,'1442836',1153,,365,34,,,0
7600009,'1442868',1253,,366,34,,,0
7600009,'1442936',1453,,367,34,,,0
7600009,'1442948',1323,,368,34,,,0
7600009,'1442960',1123,,369,34,,,0
7600009,'1443166',1523,,370,34,,,0
7600009,'1443237',1623,,371,34,,,0
7600009,'1443568',1653,,372,34,,,0
7600009,'1443930',1723,,373,34,,,0
7600009,'1444078',1223,,374,34,,,0
7600009,'1444147',1753,,375,34,,,0
7600009,'1444253',1053,,376,34,,,0
7600009,'1444707',1553,,377,34,,,0
