1609,'1442759',1143,,63,14,0,5,0
1609,'1442908',1643,,64,14,0,5,0
1609,'1443382',1543,,65,14,0,5,0
1609,'1443639',943,,66,14,0,5,0
1609,'1443689',1843,,67,14,0,5,0
1609,'1443695',1043,,68,14,0,5,0
1609,'1443794',1243,,69,14,0,5,0
1609,'1443910',1443,,70,14,0,5,0
1609,'1443990',1343,,71,14,0,5,0
1609,'1444348',1743,,72,14,0,5,0
1609,'1444457',843,,73,14,0,5,0
1609,'1444527',743,,74,14,0,5,0
1609,'1444699',643,,75,14,0,5,0
1609,'1471644',643,,76,14,0,6 7,0
1609,'1471645',743,,77,14,0,6 7,0
1609,'1471646',843,,78,14,0,6 7,0
1609,'1471647',943,,79,14,0,6 7,0
1609,'1471648',1043,,80,14,0,6 7,0
1609,'1471649',1143,,81,14,0,6 7,0
1609,'1471650',1243,,82,14,0,6 7,0
1609,'1471651',1343,,83,14,0,6 7,0
1609,'1471652',1443,,84,14,0,6 7,0
1609,'1471653',1543,,85,14,0,6 7,0
1609,'1471654',1643,,86,14,0,6 7,0
1609,'1471655',1743,,87,14,0,6 7,0
1609,'1471656',1843,,88,14,0,6 7,0
1609,'1471657',713,,89,14,0,6 7,0
1609,'1471658',813,,90,14,0,6 7,0
1609,'1471659',913,,91,14,0,6 7,0
1609,'1471660',1114,,92,15,0,8,0
1609,'1471661',1613,,93,14,0,6 7,0
1609,'1471662',1214,,94,15,0,8,0
1609,'1471663',1314,,95,15,0,8,0
1609,'1471664',1713,,96,14,0,6 7,0
1609,'1471665',1813,,97,14,0,6 7,0
1609,'1471666',1014,,98,15,0,8,0
1609,'1471667',1513,,99,14,0,6 7,0
1609,'1471668',1414,,100,15,0,8,0
90109,'1481211',2241,,299,14,0,6,0
90109,'1481212',1941,,300,14,0,6,0
90109,'1481213',2041,,301,14,0,6,0
90109,'1481214',2141,,302,14,0,6,0
90109,'1481220',841,,307,14,0,6,0
90109,'1481221',941,,308,14,0,6,0
90109,'1481222',1041,,309,14,0,6,0
90109,'1481223',1141,,310,14,0,6,0
90109,'1481224',1241,,311,14,0,6,0
90109,'1481225',1341,,312,14,0,6,0
90109,'1481226',1441,,313,14,0,6,0
90109,'1481227',1541,,314,14,0,6,0
90109,'1481228',1641,,315,14,0,6,0
90109,'1481229',1741,,316,14,0,6,0
90109,'1481230',1841,,317,14,0,6,0
90109,'1481296',2242,,328,14,0,6,0
90109,'1481297',1942,,329,14,0,6,0
90109,'1481298',2042,,330,14,0,6,0
90109,'1481299',2142,,331,14,0,6,0
