3809,'1481182',638,,231,8,,,0
3809,'1481183',708,,232,8,,,0
3809,'1481184',738,,233,8,,,0
3809,'1481185',808,,234,8,,,0
3809,'1481186',838,,235,8,,,0
3809,'1481187',908,,236,8,,,0
3809,'1481188',938,,237,8,,,0
3809,'1481189',1008,,238,8,,,0
3809,'1481190',1038,,239,8,,,0
3809,'1481191',1108,,240,8,,,0
3809,'1481192',1138,,241,8,,,0
3809,'1481193',1208,,242,8,,,0
3809,'1481194',1238,,243,8,,,0
3809,'1481195',1308,,244,8,,,0
3809,'1481196',1338,,245,8,,,0
3809,'1481197',1408,,246,8,,,0
3809,'1481198',1438,,247,8,,,0
3809,'1481199',1508,,248,8,,,0
3809,'1481200',1538,,249,8,,,0
3809,'1481201',1608,,250,8,,,0
3809,'1481202',1638,,251,8,,,0
3809,'1481203',1708,,252,8,,,0
3809,'1481204',1738,,253,8,,,0
3809,'1481205',1808,,254,8,,,0
3809,'1481206',1838,,255,8,,,0
3809,'1481207',1908,,256,8,,,0
3809,'1481267',638,,257,8,,,0
3809,'1481268',708,,258,8,,,0
3809,'1481269',738,,259,8,,,0
3809,'1481270',808,,260,8,,,0
3809,'1481271',838,,261,8,,,0
3809,'1481272',908,,262,8,,,0
3809,'1481273',938,,263,8,,,0
3809,'1481274',1008,,264,8,,,0
3809,'1481275',1038,,265,8,,,0
3809,'1481276',1108,,266,8,,,0
3809,'1481277',1138,,267,8,,,0
3809,'1481278',1208,,268,8,,,0
3809,'1481279',1238,,269,8,,,0
3809,'1481280',1308,,270,8,,,0
3809,'1481281',1338,,271,8,,,0
3809,'1481282',1408,,272,8,,,0
3809,'1481283',1438,,273,8,,,0
3809,'1481284',1508,,274,8,,,0
3809,'1481285',1538,,275,8,,,0
3809,'1481286',1608,,276,8,,,0
3809,'1481287',1638,,277,8,,,0
3809,'1481288',1708,,278,8,,,0
3809,'1481289',1738,,279,8,,,0
3809,'1481290',1808,,280,8,,,0
3809,'1481291',1838,,281,8,,,0
3809,'1481292',1908,,282,8,,,0
