3209,'1442596',1818,,141,29,,,0
3209,'1442687',948,,142,29,,,0
3209,'1442754',648,,143,29,,,0
3209,'1442760',1418,,144,29,,,0
3209,'1442882',1748,,145,29,,,0
3209,'1442921',1348,,146,29,,,0
3209,'1442945',1548,,147,29,,,0
3209,'1443019',1048,,148,29,,,0
3209,'1443027',1748,,149,29,,,0
3209,'1443032',1148,,150,29,,,0
3209,'1443124',1018,,151,29,,,0
3209,'1443173',1718,,152,29,,,0
3209,'1443223',848,,153,29,,,0
3209,'1443230',748,,154,29,,,0
3209,'1443346',1218,,155,29,,,0
3209,'1443371',1648,,156,29,,,0
3209,'1443418',648,,157,29,,,0
3209,'1443451',1848,,158,29,,,0
3209,'1443460',1518,,159,29,,,0
3209,'1443559',1348,,160,29,,,0
3209,'1443566',1448,,161,29,,,0
3209,'1443666',948,,162,29,,,0
3209,'1443678',1448,,163,29,,,0
3209,'1443693',918,,164,29,,,0
3209,'1443729',1118,,165,29,,,0
3209,'1443750',1248,,166,29,,,0
3209,'1443756',718,,167,29,,,0
3209,'1443859',848,,168,29,,,0
3209,'1443893',1848,,169,29,,,0
3209,'1444067',1148,,170,29,,,0
3209,'1444076',748,,171,29,,,0
3209,'1444125',1318,,172,29,,,0
3209,'1444263',1048,,173,29,,,0
3209,'1444410',1618,,174,29,,,0
3209,'1444513',1248,,175,29,,,0
3209,'1444517',818,,176,29,,,0
3209,'1444645',1648,,177,29,,,0
3209,'1444700',1548,,178,29,,,0
90209,'1442632',2247,,337,29,0,9 10,0
90209,'1442824',2247,,338,29,0,9 10,0
90209,'1442866',1247,,339,29,0,9 10,0
90209,'1443008',1147,,340,29,0,9 10,0
90209,'1443149',1547,,341,29,0,9 10,0
90209,'1443169',2047,,342,29,0,9 10,0
90209,'1443298',2047,,344,29,0,9 10,0
90209,'1443323',1647,,345,29,0,9 10,0
90209,'1443365',1047,,347,29,0,9 10,0
90209,'1443389',1947,,348,29,0,9 10,0
90209,'1443612',2147,,349,29,0,9 10,0
90209,'1443718',1347,,351,29,0,9 10,0
90209,'1443721',2147,,352,29,0,9 10,0
90209,'1443889',1947,,355,29,0,9 10,0
90209,'1444136',947,,356,29,0,9 10,0
