9019,'1442574',1351,,37,32,,,0
9019,'1442601',1451,,38,32,,,0
9019,'1442683',1251,,39,32,,,0
9019,'1442720',751,,40,32,,,0
9019,'1442725',1351,,41,32,,,0
9019,'1442740',1551,,42,32,,,0
9019,'1442981',1551,,43,32,,,0
9019,'1443060',1051,,44,32,,,0
9019,'1443114',851,,45,32,,,0
9019,'1443507',751,,46,32,,,0
9019,'1443572',1851,,47,32,,,0
9019,'1443665',851,,48,32,,,0
9019,'1443760',1451,,49,32,,,0
9019,'1444093',951,,50,32,,,0
9019,'1444114',1651,,51,32,,,0
9019,'1444140',1651,,52,32,,,0
9019,'1444157',1751,,53,32,,,0
9019,'1444177',651,,54,32,,,0
9019,'1444202',951,,55,32,,,0
9019,'1444275',1151,,56,32,,,0
9019,'1444286',651,,57,32,,,0
9019,'1444316',1751,,58,32,,,0
9019,'1444336',1051,,59,32,,,0
9019,'1444355',1251,,60,32,,,0
9019,'1444529',1851,,61,32,,,0
9019,'1444681',1151,,62,32,,,0
