32019,'1442596',1818,,141,30,,,0
32019,'1442687',948,,142,30,,,0
32019,'1442754',648,,143,30,,,0
32019,'1442760',1418,,144,30,,,0
32019,'1442882',1748,,145,30,,,0
32019,'1442921',1348,,146,30,,,0
32019,'1442945',1548,,147,30,,,0
32019,'1443019',1048,,148,30,,,0
32019,'1443027',1748,,149,30,,,0
32019,'1443032',1148,,150,30,,,0
32019,'1443124',1018,,151,30,,,0
32019,'1443173',1718,,152,30,,,0
32019,'1443223',848,,153,30,,,0
32019,'1443230',748,,154,30,,,0
32019,'1443346',1218,,155,30,,,0
32019,'1443371',1648,,156,30,,,0
32019,'1443418',648,,157,30,,,0
32019,'1443451',1848,,158,30,,,0
32019,'1443460',1518,,159,30,,,0
32019,'1443559',1348,,160,30,,,0
32019,'1443566',1448,,161,30,,,0
32019,'1443666',948,,162,30,,,0
32019,'1443678',1448,,163,30,,,0
32019,'1443693',918,,164,30,,,0
32019,'1443729',1118,,165,30,,,0
32019,'1443750',1248,,166,30,,,0
32019,'1443756',718,,167,30,,,0
32019,'1443859',848,,168,30,,,0
32019,'1443893',1848,,169,30,,,0
32019,'1444067',1148,,170,30,,,0
32019,'1444076',748,,171,30,,,0
32019,'1444125',1318,,172,30,,,0
32019,'1444263',1048,,173,30,,,0
32019,'1444410',1618,,174,30,,,0
32019,'1444513',1248,,175,30,,,0
32019,'1444517',818,,176,30,,,0
32019,'1444645',1648,,177,30,,,0
32019,'1444700',1548,,178,30,,,0
902019,'1442632',2247,,337,30,,,0
902019,'1442824',2247,,338,30,,,0
902019,'1442866',1247,,339,30,,,0
902019,'1443008',1147,,340,30,,,0
902019,'1443149',1547,,341,30,,,0
902019,'1443169',2047,,342,30,,,0
902019,'1443298',2047,,344,30,,,0
902019,'1443323',1647,,345,30,,,0
902019,'1443365',1047,,347,30,,,0
902019,'1443389',1947,,348,30,,,0
902019,'1443612',2147,,349,30,,,0
902019,'1443718',1347,,351,30,,,0
902019,'1443721',2147,,352,30,,,0
902019,'1443889',1947,,355,30,,,0
902019,'1444136',947,,356,30,,,0
