6019,'1481208',2208,,25,13,,,0
6019,'1481209',2108,,26,13,,,0
6019,'1481210',2008,,27,13,,,0
6019,'1481293',2208,,28,13,,,0
6019,'1481294',2108,,29,13,,,0
6019,'1481295',2008,,30,13,,,0
7019,'1442686',2141,,31,20,,,0
7019,'1443170',2041,,32,20,,,0
7019,'1443421',2042,,33,20,,,0
7019,'1444160',1942,,34,20,,,0
7019,'1444518',1941,,35,20,,,0
7019,'1444604',2142,,36,20,,,0
37019,'1481156',641,,179,13,,,0
37019,'1481157',711,,180,13,,,0
37019,'1481158',741,,181,13,,,0
37019,'1481159',811,,182,13,,,0
37019,'1481160',841,,183,13,,,0
37019,'1481161',911,,184,13,,,0
37019,'1481162',941,,185,13,,,0
37019,'1481163',1011,,186,13,,,0
37019,'1481164',1041,,187,13,,,0
37019,'1481165',1111,,188,13,,,0
37019,'1481166',1141,,189,13,,,0
37019,'1481167',1211,,190,13,,,0
37019,'1481168',1241,,191,13,,,0
37019,'1481169',1311,,192,13,,,0
37019,'1481170',1341,,193,13,,,0
37019,'1481171',1411,,194,13,,,0
37019,'1481172',1441,,195,13,,,0
37019,'1481173',1511,,196,13,,,0
37019,'1481174',1541,,197,13,,,0
37019,'1481175',1611,,198,13,,,0
37019,'1481176',1641,,199,13,,,0
37019,'1481177',1711,,200,13,,,0
37019,'1481178',1741,,201,13,,,0
37019,'1481179',1811,,202,13,,,0
37019,'1481180',1841,,203,13,,,0
37019,'1481181',1911,,204,13,,,0
37019,'1481241',641,,205,13,,,0
37019,'1481242',711,,206,13,,,0
37019,'1481243',741,,207,13,,,0
37019,'1481244',811,,208,13,,,0
37019,'1481245',841,,209,13,,,0
37019,'1481246',911,,210,13,,,0
37019,'1481247',941,,211,13,,,0
37019,'1481248',1011,,212,13,,,0
37019,'1481249',1041,,213,13,,,0
37019,'1481250',1111,,214,13,,,0
37019,'1481251',1141,,215,13,,,0
37019,'1481252',1211,,216,13,,,0
37019,'1481253',1241,,217,13,,,0
37019,'1481254',1311,,218,13,,,0
37019,'1481255',1341,,219,13,,,0
37019,'1481256',1411,,220,13,,,0
37019,'1481257',1441,,221,13,,,0
37019,'1481258',1511,,222,13,,,0
37019,'1481259',1541,,223,13,,,0
37019,'1481260',1611,,224,13,,,0
37019,'1481261',1641,,225,13,,,0
37019,'1481262',1711,,226,13,,,0
37019,'1481263',1741,,227,13,,,0
37019,'1481264',1811,,228,13,,,0
37019,'1481265',1841,,229,13,,,0
37019,'1481266',1911,,230,13,,,0
38019,'1481182',700,,231,41,,,0
38019,'1481183',730,,232,41,,,0
38019,'1481184',800,,233,41,,,0
38019,'1481185',830,,234,41,,,0
38019,'1481186',900,,235,41,,,0
38019,'1481187',930,,236,41,,,0
38019,'1481188',1000,,237,41,,,0
38019,'1481189',1030,,238,41,,,0
38019,'1481190',1100,,239,41,,,0
38019,'1481191',1130,,240,41,,,0
38019,'1481192',1200,,241,41,,,0
38019,'1481193',1230,,242,41,,,0
38019,'1481194',1300,,243,41,,,0
38019,'1481195',1330,,244,41,,,0
38019,'1481196',1400,,245,41,,,0
38019,'1481197',1430,,246,41,,,0
38019,'1481198',1500,,247,41,,,0
38019,'1481199',1530,,248,41,,,0
38019,'1481200',1600,,249,41,,,0
38019,'1481201',1630,,250,41,,,0
38019,'1481202',1700,,251,41,,,0
38019,'1481203',1730,,252,41,,,0
38019,'1481204',1800,,253,41,,,0
38019,'1481205',1830,,254,41,,,0
38019,'1481206',1900,,255,41,,,0
38019,'1481207',1930,,256,41,,,0
38019,'1481267',700,,257,41,,,0
38019,'1481268',730,,258,41,,,0
38019,'1481269',800,,259,41,,,0
38019,'1481270',830,,260,41,,,0
38019,'1481271',900,,261,41,,,0
38019,'1481272',930,,262,41,,,0
38019,'1481273',1000,,263,41,,,0
38019,'1481274',1030,,264,41,,,0
38019,'1481275',1100,,265,41,,,0
38019,'1481276',1130,,266,41,,,0
38019,'1481277',1200,,267,41,,,0
38019,'1481278',1230,,268,41,,,0
38019,'1481279',1300,,269,41,,,0
38019,'1481280',1330,,270,41,,,0
38019,'1481281',1400,,271,41,,,0
38019,'1481282',1430,,272,41,,,0
38019,'1481283',1500,,273,41,,,0
38019,'1481284',1530,,274,41,,,0
38019,'1481285',1600,,275,41,,,0
38019,'1481286',1630,,276,41,,,0
38019,'1481287',1700,,277,41,,,0
38019,'1481288',1730,,278,41,,,0
38019,'1481289',1800,,279,41,,,0
38019,'1481290',1830,,280,41,,,0
38019,'1481291',1900,,281,41,,,0
38019,'1481292',1930,,282,41,,,0
901029,'1481215',2253,,303,28,,,0
901029,'1481216',2153,,304,28,,,0
901029,'1481217',2053,,305,28,,,0
901029,'1481218',1953,,306,28,,,0
901029,'1481231',853,,318,28,,,0
901029,'1481232',953,,319,28,,,0
901029,'1481233',1053,,320,28,,,0
901029,'1481234',1153,,321,28,,,0
901029,'1481235',1253,,322,28,,,0
901029,'1481236',1353,,323,28,,,0
901029,'1481237',1453,,324,28,,,0
901029,'1481238',1553,,325,28,,,0
901029,'1481239',1653,,326,28,,,0
901029,'1481240',1753,,327,28,,,0
901029,'1481300',2253,,332,28,,,0
901029,'1481301',2153,,333,28,,,0
901029,'1481302',2053,,334,28,,,0
901029,'1481303',1953,,335,28,,,0
76000019,'1442746',1010,,364,20,0,14,0
76000019,'1442836',1140,,365,20,0,14,0
76000019,'1442868',1240,,366,20,0,14,0
76000019,'1442936',1440,,367,20,0,14,0
76000019,'1442948',1310,,368,20,0,14,0
76000019,'1442960',1110,,369,20,0,14,0
76000019,'1443166',1510,,370,20,0,14,0
76000019,'1443237',1610,,371,20,0,14,0
76000019,'1443568',1640,,372,20,0,14,0
76000019,'1443930',1710,,373,20,0,14,0
76000019,'1444078',1210,,374,20,0,14,0
76000019,'1444147',1740,,375,20,0,14,0
76000019,'1444253',1040,,376,20,0,14,0
76000019,'1444707',1540,,377,20,0,14,0
