31019,'1442657',1302,,102,4,,,0
31019,'1442704',1732,,103,4,,,0
31019,'1442731',1102,,104,4,,,0
31019,'1442816',1032,,105,4,,,0
31019,'1442926',802,,106,4,,,0
31019,'1442939',802,,107,4,,,0
31019,'1442988',902,,108,4,,,0
31019,'1443001',1502,,109,4,,,0
31019,'1443020',1002,,110,4,,,0
31019,'1443042',932,,111,4,,,0
31019,'1443050',1302,,112,4,,,0
31019,'1443073',1502,,113,4,,,0
31019,'1443135',1402,,114,4,,,0
31019,'1443141',1532,,115,4,,,0
31019,'1443144',1132,,116,4,,,0
31019,'1443163',1202,,117,4,,,0
31019,'1443412',1432,,118,4,,,0
31019,'1443419',1332,,119,4,,,0
31019,'1443472',1232,,120,4,,,0
31019,'1443548',1402,,121,4,,,0
31019,'1443737',1802,,122,4,,,0
31019,'1443781',1832,,123,4,,,0
31019,'1443831',1802,,124,4,,,0
31019,'1443867',1202,,125,4,,,0
31019,'1443869',1002,,126,4,,,0
31019,'1443890',702,,127,4,,,0
31019,'1443895',702,,128,4,,,0
31019,'1444017',1902,,129,4,,,0
31019,'1444043',902,,130,4,,,0
31019,'1444183',1602,,131,4,,,0
31019,'1444283',1602,,132,4,,,0
31019,'1444351',1102,,133,4,,,0
31019,'1444464',1702,,134,4,,,0
31019,'1444532',832,,135,4,,,0
31019,'1444569',1632,,136,4,,,0
31019,'1444582',732,,137,4,,,0
31019,'1444595',632,,138,4,,,0
31019,'1444704',1902,,139,4,,,0
31019,'1444711',1702,,140,4,,,0
