709,'1442686',2139,,31,18,0,5 15,0
709,'1443170',2039,,32,18,0,5 15,0
709,'1443421',2041,,33,18,0,5 15,0
709,'1444160',1941,,34,18,0,5 15,0
709,'1444518',1939,,35,18,0,5 15,0
709,'1444604',2141,,36,18,0,5 15,0
90109,'1481215',2251,,303,26,0,11 12,0
90109,'1481216',2151,,304,26,0,11 12,0
90109,'1481217',2051,,305,26,0,11 12,0
90109,'1481218',1951,,306,26,0,11 12,0
90109,'1481231',851,,318,26,0,11 12,0
90109,'1481232',951,,319,26,0,11 12,0
90109,'1481233',1051,,320,26,0,11 12,0
90109,'1481234',1151,,321,26,0,11 12,0
90109,'1481235',1251,,322,26,0,11 12,0
90109,'1481236',1351,,323,26,0,11 12,0
90109,'1481237',1451,,324,26,0,11 12,0
90109,'1481238',1551,,325,26,0,11 12,0
90109,'1481239',1651,,326,26,0,11 12,0
90109,'1481240',1751,,327,26,0,11 12,0
90109,'1481300',2251,,332,26,0,11 12,0
90109,'1481301',2151,,333,26,0,11 12,0
90109,'1481302',2051,,334,26,0,11 12,0
90109,'1481303',1951,,335,26,0,11 12,0
7600009,'1442746',1009,,364,18,0,14,0
7600009,'1442836',1139,,365,18,0,14,0
7600009,'1442868',1239,,366,18,0,14,0
7600009,'1442936',1439,,367,18,0,14,0
7600009,'1442948',1309,,368,18,0,14,0
7600009,'1442960',1109,,369,18,0,14,0
7600009,'1443166',1509,,370,18,0,14,0
7600009,'1443237',1609,,371,18,0,14,0
7600009,'1443568',1639,,372,18,0,14,0
7600009,'1443930',1709,,373,18,0,14,0
7600009,'1444078',1209,,374,18,0,14,0
7600009,'1444147',1739,,375,18,0,14,0
7600009,'1444253',1039,,376,18,0,14,0
7600009,'1444707',1539,,377,18,0,14,0
