32019,'1442596',1809,,141,14,,,0
32019,'1442687',939,,142,14,,,0
32019,'1442754',639,,143,14,,,0
32019,'1442760',1409,,144,14,,,0
32019,'1442882',1739,,145,14,,,0
32019,'1442921',1339,,146,14,,,0
32019,'1442945',1539,,147,14,,,0
32019,'1443019',1039,,148,14,,,0
32019,'1443027',1739,,149,14,,,0
32019,'1443032',1139,,150,14,,,0
32019,'1443124',1009,,151,14,,,0
32019,'1443173',1709,,152,14,,,0
32019,'1443223',839,,153,14,,,0
32019,'1443230',739,,154,14,,,0
32019,'1443346',1209,,155,14,,,0
32019,'1443371',1639,,156,14,,,0
32019,'1443418',639,,157,14,,,0
32019,'1443451',1839,,158,14,,,0
32019,'1443460',1509,,159,14,,,0
32019,'1443559',1339,,160,14,,,0
32019,'1443566',1439,,161,14,,,0
32019,'1443666',939,,162,14,,,0
32019,'1443678',1439,,163,14,,,0
32019,'1443693',909,,164,14,,,0
32019,'1443729',1109,,165,14,,,0
32019,'1443750',1239,,166,14,,,0
32019,'1443756',709,,167,14,,,0
32019,'1443859',839,,168,14,,,0
32019,'1443893',1839,,169,14,,,0
32019,'1444067',1139,,170,14,,,0
32019,'1444076',739,,171,14,,,0
32019,'1444125',1309,,172,14,,,0
32019,'1444263',1039,,173,14,,,0
32019,'1444410',1609,,174,14,,,0
32019,'1444513',1239,,175,14,,,0
32019,'1444517',809,,176,14,,,0
32019,'1444645',1639,,177,14,,,0
32019,'1444700',1539,,178,14,,,0
902019,'1442632',2240,,337,14,,,0
902019,'1442824',2240,,338,14,,,0
902019,'1442866',1240,,339,14,,,0
902019,'1443008',1140,,340,14,,,0
902019,'1443149',1540,,341,14,,,0
902019,'1443169',2040,,342,14,,,0
902019,'1443298',2040,,344,14,,,0
902019,'1443323',1640,,345,14,,,0
902019,'1443365',1040,,347,14,,,0
902019,'1443389',1940,,348,14,,,0
902019,'1443612',2140,,349,14,,,0
902019,'1443718',1340,,351,14,,,0
902019,'1443721',2140,,352,14,,,0
902019,'1443889',1940,,355,14,,,0
902019,'1444136',940,,356,14,,,0
