37019,'1481156',709,,179,52,,,0
37019,'1481157',739,,180,52,,,0
37019,'1481158',809,,181,52,,,0
37019,'1481159',839,,182,52,,,0
37019,'1481160',909,,183,52,,,0
37019,'1481161',939,,184,52,,,0
37019,'1481162',1009,,185,52,,,0
37019,'1481163',1039,,186,52,,,0
37019,'1481164',1109,,187,52,,,0
37019,'1481165',1139,,188,52,,,0
37019,'1481166',1209,,189,52,,,0
37019,'1481167',1239,,190,52,,,0
37019,'1481168',1309,,191,52,,,0
37019,'1481169',1339,,192,52,,,0
37019,'1481170',1409,,193,52,,,0
37019,'1481171',1439,,194,52,,,0
37019,'1481172',1509,,195,52,,,0
37019,'1481173',1539,,196,52,,,0
37019,'1481174',1609,,197,52,,,0
37019,'1481175',1639,,198,52,,,0
37019,'1481176',1709,,199,52,,,0
37019,'1481177',1739,,200,52,,,0
37019,'1481178',1809,,201,52,,,0
37019,'1481179',1839,,202,52,,,0
37019,'1481180',1909,,203,52,,,0
37019,'1481181',1939,,204,52,,,0
37019,'1481241',713,,205,52,,,0
37019,'1481242',743,,206,52,,,0
37019,'1481243',813,,207,52,,,0
37019,'1481244',843,,208,52,,,0
37019,'1481245',913,,209,52,,,0
37019,'1481246',943,,210,52,,,0
37019,'1481247',1013,,211,52,,,0
37019,'1481248',1043,,212,52,,,0
37019,'1481249',1113,,213,52,,,0
37019,'1481250',1143,,214,52,,,0
37019,'1481251',1213,,215,52,,,0
37019,'1481252',1243,,216,52,,,0
37019,'1481253',1313,,217,52,,,0
37019,'1481254',1343,,218,52,,,0
37019,'1481255',1413,,219,52,,,0
37019,'1481256',1443,,220,52,,,0
37019,'1481257',1513,,221,52,,,0
37019,'1481258',1543,,222,52,,,0
37019,'1481259',1613,,223,52,,,0
37019,'1481260',1643,,224,52,,,0
37019,'1481261',1713,,225,52,,,0
37019,'1481262',1743,,226,52,,,0
37019,'1481263',1813,,227,52,,,0
37019,'1481264',1843,,228,52,,,0
37019,'1481265',1913,,229,52,,,0
37019,'1481266',1943,,230,52,,,0
901029,'1481215',2311,,303,47,,,0
901029,'1481216',2211,,304,47,,,0
901029,'1481217',2111,,305,47,,,0
901029,'1481218',2011,,306,47,,,0
901029,'1481231',911,,318,47,,,0
901029,'1481232',1011,,319,47,,,0
901029,'1481233',1111,,320,47,,,0
901029,'1481234',1211,,321,47,,,0
901029,'1481235',1311,,322,47,,,0
901029,'1481236',1411,,323,47,,,0
901029,'1481237',1511,,324,47,,,0
901029,'1481238',1611,,325,47,,,0
901029,'1481239',1711,,326,47,,,0
901029,'1481240',1811,,327,47,,,0
901029,'1481300',2314,,332,47,,,0
901029,'1481301',2214,,333,47,,,0
901029,'1481302',2114,,334,47,,,0
901029,'1481303',2014,,335,47,,,0
