1609,'1442759',1208,,63,38,0,5,0
1609,'1442908',1708,,64,38,0,5,0
1609,'1443382',1608,,65,38,0,5,0
1609,'1443639',1008,,66,38,0,5,0
1609,'1443689',1908,,67,38,0,5,0
1609,'1443695',1108,,68,38,0,5,0
1609,'1443794',1308,,69,38,0,5,0
1609,'1443910',1508,,70,38,0,5,0
1609,'1443990',1408,,71,38,0,5,0
1609,'1444348',1808,,72,38,0,5,0
1609,'1444457',908,,73,38,0,5,0
1609,'1444527',808,,74,38,0,5,0
1609,'1444699',708,,75,38,0,5,0
1609,'1471644',708,,76,40,0,6 7,0
1609,'1471645',808,,77,40,0,6 7,0
1609,'1471646',908,,78,40,0,6 7,0
1609,'1471647',1008,,79,40,0,6 7,0
1609,'1471648',1108,,80,40,0,6 7,0
1609,'1471649',1208,,81,40,0,6 7,0
1609,'1471650',1308,,82,40,0,6 7,0
1609,'1471651',1408,,83,40,0,6 7,0
1609,'1471652',1508,,84,40,0,6 7,0
1609,'1471653',1608,,85,40,0,6 7,0
1609,'1471654',1708,,86,40,0,6 7,0
1609,'1471655',1808,,87,40,0,6 7,0
1609,'1471656',1908,,88,40,0,6 7,0
1609,'1471657',738,,89,40,0,6 7,0
1609,'1471658',838,,90,40,0,6 7,0
1609,'1471659',938,,91,40,0,6 7,0
1609,'1471660',1138,,92,41,0,8,0
1609,'1471661',1638,,93,40,0,6 7,0
1609,'1471662',1238,,94,41,0,8,0
1609,'1471663',1338,,95,41,0,8,0
1609,'1471664',1738,,96,40,0,6 7,0
1609,'1471665',1838,,97,40,0,6 7,0
1609,'1471666',1038,,98,41,0,8,0
1609,'1471667',1538,,99,40,0,6 7,0
1609,'1471668',1438,,100,41,0,8,0
90109,'1481211',2300,,299,38,0,6,0
90109,'1481212',2000,,300,38,0,6,0
90109,'1481213',2100,,301,38,0,6,0
90109,'1481214',2200,,302,38,0,6,0
90109,'1481220',900,,307,38,0,6,0
90109,'1481221',1000,,308,38,0,6,0
90109,'1481222',1100,,309,38,0,6,0
90109,'1481223',1200,,310,38,0,6,0
90109,'1481224',1300,,311,38,0,6,0
90109,'1481225',1400,,312,38,0,6,0
90109,'1481226',1500,,313,38,0,6,0
90109,'1481227',1600,,314,38,0,6,0
90109,'1481228',1700,,315,38,0,6,0
90109,'1481229',1800,,316,38,0,6,0
90109,'1481230',1900,,317,38,0,6,0
90109,'1481296',2307,,328,38,0,6,0
90109,'1481297',2007,,329,38,0,6,0
90109,'1481298',2107,,330,38,0,6,0
90109,'1481299',2207,,331,38,0,6,0
