9019,'1442574',1346,,37,26,,,0
9019,'1442601',1446,,38,26,,,0
9019,'1442683',1246,,39,26,,,0
9019,'1442720',746,,40,26,,,0
9019,'1442725',1346,,41,26,,,0
9019,'1442740',1546,,42,26,,,0
9019,'1442981',1546,,43,26,,,0
9019,'1443060',1046,,44,26,,,0
9019,'1443114',846,,45,26,,,0
9019,'1443507',746,,46,26,,,0
9019,'1443572',1846,,47,26,,,0
9019,'1443665',846,,48,26,,,0
9019,'1443760',1446,,49,26,,,0
9019,'1444093',946,,50,26,,,0
9019,'1444114',1646,,51,26,,,0
9019,'1444140',1646,,52,26,,,0
9019,'1444157',1746,,53,26,,,0
9019,'1444177',646,,54,26,,,0
9019,'1444202',946,,55,26,,,0
9019,'1444275',1146,,56,26,,,0
9019,'1444286',646,,57,26,,,0
9019,'1444316',1746,,58,26,,,0
9019,'1444336',1046,,59,26,,,0
9019,'1444355',1246,,60,26,,,0
9019,'1444529',1846,,61,26,,,0
9019,'1444681',1146,,62,26,,,0
16019,'1442759',1218,,63,47,0,5,0
16019,'1442908',1718,,64,47,0,5,0
16019,'1443382',1618,,65,47,0,5,0
16019,'1443639',1018,,66,47,0,5,0
16019,'1443689',1918,,67,47,0,5,0
16019,'1443695',1118,,68,47,0,5,0
16019,'1443794',1318,,69,47,0,5,0
16019,'1443910',1518,,70,47,0,5,0
16019,'1443990',1418,,71,47,0,5,0
16019,'1444348',1818,,72,47,0,5,0
16019,'1444457',918,,73,47,0,5,0
16019,'1444527',818,,74,47,0,5,0
16019,'1444699',718,,75,47,0,5,0
16019,'1471644',718,,76,49,0,6 7,0
16019,'1471645',818,,77,49,0,6 7,0
16019,'1471646',918,,78,49,0,6 7,0
16019,'1471647',1018,,79,49,0,6 7,0
16019,'1471648',1118,,80,49,0,6 7,0
16019,'1471649',1218,,81,49,0,6 7,0
16019,'1471650',1318,,82,49,0,6 7,0
16019,'1471651',1418,,83,49,0,6 7,0
16019,'1471652',1518,,84,49,0,6 7,0
16019,'1471653',1618,,85,49,0,6 7,0
16019,'1471654',1718,,86,49,0,6 7,0
16019,'1471655',1818,,87,49,0,6 7,0
16019,'1471656',1918,,88,49,0,6 7,0
16019,'1471657',748,,89,49,0,6 7,0
16019,'1471658',848,,90,49,0,6 7,0
16019,'1471659',948,,91,49,0,6 7,0
16019,'1471660',1148,,92,50,0,8,0
16019,'1471661',1648,,93,49,0,6 7,0
16019,'1471662',1248,,94,50,0,8,0
16019,'1471663',1348,,95,50,0,8,0
16019,'1471664',1748,,96,49,0,6 7,0
16019,'1471665',1848,,97,49,0,6 7,0
16019,'1471666',1048,,98,50,0,8,0
16019,'1471667',1548,,99,49,0,6 7,0
16019,'1471668',1448,,100,50,0,8,0
901019,'1481211',2312,,299,47,,,0
901019,'1481212',2012,,300,47,,,0
901019,'1481213',2112,,301,47,,,0
901019,'1481214',2212,,302,47,,,0
901019,'1481220',912,,307,47,,,0
901019,'1481221',1012,,308,47,,,0
901019,'1481222',1112,,309,47,,,0
901019,'1481223',1212,,310,47,,,0
901019,'1481224',1312,,311,47,,,0
901019,'1481225',1412,,312,47,,,0
901019,'1481226',1512,,313,47,,,0
901019,'1481227',1612,,314,47,,,0
901019,'1481228',1712,,315,47,,,0
901019,'1481229',1812,,316,47,,,0
901019,'1481230',1912,,317,47,,,0
901019,'1481296',2319,,328,47,,,0
901019,'1481297',2019,,329,47,,,0
901019,'1481298',2119,,330,47,,,0
901019,'1481299',2219,,331,47,,,0
