1609,'1442759',1154,,63,25,0,5,0
1609,'1442908',1654,,64,25,0,5,0
1609,'1443382',1554,,65,25,0,5,0
1609,'1443639',954,,66,25,0,5,0
1609,'1443689',1854,,67,25,0,5,0
1609,'1443695',1054,,68,25,0,5,0
1609,'1443794',1254,,69,25,0,5,0
1609,'1443910',1454,,70,25,0,5,0
1609,'1443990',1354,,71,25,0,5,0
1609,'1444348',1754,,72,25,0,5,0
1609,'1444457',854,,73,25,0,5,0
1609,'1444527',754,,74,25,0,5,0
1609,'1444699',654,,75,25,0,5,0
1609,'1471644',654,,76,26,0,6 7,0
1609,'1471645',754,,77,26,0,6 7,0
1609,'1471646',854,,78,26,0,6 7,0
1609,'1471647',954,,79,26,0,6 7,0
1609,'1471648',1054,,80,26,0,6 7,0
1609,'1471649',1154,,81,26,0,6 7,0
1609,'1471650',1254,,82,26,0,6 7,0
1609,'1471651',1354,,83,26,0,6 7,0
1609,'1471652',1454,,84,26,0,6 7,0
1609,'1471653',1554,,85,26,0,6 7,0
1609,'1471654',1654,,86,26,0,6 7,0
1609,'1471655',1754,,87,26,0,6 7,0
1609,'1471656',1854,,88,26,0,6 7,0
1609,'1471657',724,,89,26,0,6 7,0
1609,'1471658',824,,90,26,0,6 7,0
1609,'1471659',924,,91,26,0,6 7,0
1609,'1471660',1124,,92,27,0,8,0
1609,'1471661',1624,,93,26,0,6 7,0
1609,'1471662',1224,,94,27,0,8,0
1609,'1471663',1324,,95,27,0,8,0
1609,'1471664',1724,,96,26,0,6 7,0
1609,'1471665',1824,,97,26,0,6 7,0
1609,'1471666',1024,,98,27,0,8,0
1609,'1471667',1524,,99,26,0,6 7,0
1609,'1471668',1424,,100,27,0,8,0
90109,'1481211',2250,,299,25,0,6,0
90109,'1481212',1950,,300,25,0,6,0
90109,'1481213',2050,,301,25,0,6,0
90109,'1481214',2150,,302,25,0,6,0
90109,'1481220',850,,307,25,0,6,0
90109,'1481221',950,,308,25,0,6,0
90109,'1481222',1050,,309,25,0,6,0
90109,'1481223',1150,,310,25,0,6,0
90109,'1481224',1250,,311,25,0,6,0
90109,'1481225',1350,,312,25,0,6,0
90109,'1481226',1450,,313,25,0,6,0
90109,'1481227',1550,,314,25,0,6,0
90109,'1481228',1650,,315,25,0,6,0
90109,'1481229',1750,,316,25,0,6,0
90109,'1481230',1850,,317,25,0,6,0
90109,'1481296',2254,,328,25,0,6,0
90109,'1481297',1954,,329,25,0,6,0
90109,'1481298',2054,,330,25,0,6,0
90109,'1481299',2154,,331,25,0,6,0
