7019,'1442686',2144,,31,25,,,0
7019,'1443170',2044,,32,25,,,0
7019,'1443421',2044,,33,25,,,0
7019,'1444160',1944,,34,25,,,0
7019,'1444518',1944,,35,25,,,0
7019,'1444604',2144,,36,25,,,0
37019,'1481156',658,,179,38,,,0
37019,'1481157',728,,180,38,,,0
37019,'1481158',758,,181,38,,,0
37019,'1481159',828,,182,38,,,0
37019,'1481160',858,,183,38,,,0
37019,'1481161',928,,184,38,,,0
37019,'1481162',958,,185,38,,,0
37019,'1481163',1028,,186,38,,,0
37019,'1481164',1058,,187,38,,,0
37019,'1481165',1128,,188,38,,,0
37019,'1481166',1158,,189,38,,,0
37019,'1481167',1228,,190,38,,,0
37019,'1481168',1258,,191,38,,,0
37019,'1481169',1328,,192,38,,,0
37019,'1481170',1358,,193,38,,,0
37019,'1481171',1428,,194,38,,,0
37019,'1481172',1458,,195,38,,,0
37019,'1481173',1528,,196,38,,,0
37019,'1481174',1558,,197,38,,,0
37019,'1481175',1628,,198,38,,,0
37019,'1481176',1658,,199,38,,,0
37019,'1481177',1728,,200,38,,,0
37019,'1481178',1758,,201,38,,,0
37019,'1481179',1828,,202,38,,,0
37019,'1481180',1858,,203,38,,,0
37019,'1481181',1928,,204,38,,,0
37019,'1481241',658,,205,38,,,0
37019,'1481242',728,,206,38,,,0
37019,'1481243',758,,207,38,,,0
37019,'1481244',828,,208,38,,,0
37019,'1481245',858,,209,38,,,0
37019,'1481246',928,,210,38,,,0
37019,'1481247',958,,211,38,,,0
37019,'1481248',1028,,212,38,,,0
37019,'1481249',1058,,213,38,,,0
37019,'1481250',1128,,214,38,,,0
37019,'1481251',1158,,215,38,,,0
37019,'1481252',1228,,216,38,,,0
37019,'1481253',1258,,217,38,,,0
37019,'1481254',1328,,218,38,,,0
37019,'1481255',1358,,219,38,,,0
37019,'1481256',1428,,220,38,,,0
37019,'1481257',1458,,221,38,,,0
37019,'1481258',1528,,222,38,,,0
37019,'1481259',1558,,223,38,,,0
37019,'1481260',1628,,224,38,,,0
37019,'1481261',1658,,225,38,,,0
37019,'1481262',1728,,226,38,,,0
37019,'1481263',1758,,227,38,,,0
37019,'1481264',1828,,228,38,,,0
37019,'1481265',1858,,229,38,,,0
37019,'1481266',1928,,230,38,,,0
38019,'1481182',657,,231,36,,,0
38019,'1481183',727,,232,36,,,0
38019,'1481184',757,,233,36,,,0
38019,'1481185',827,,234,36,,,0
38019,'1481186',857,,235,36,,,0
38019,'1481187',927,,236,36,,,0
38019,'1481188',957,,237,36,,,0
38019,'1481189',1027,,238,36,,,0
38019,'1481190',1057,,239,36,,,0
38019,'1481191',1127,,240,36,,,0
38019,'1481192',1157,,241,36,,,0
38019,'1481193',1227,,242,36,,,0
38019,'1481194',1257,,243,36,,,0
38019,'1481195',1327,,244,36,,,0
38019,'1481196',1357,,245,36,,,0
38019,'1481197',1427,,246,36,,,0
38019,'1481198',1457,,247,36,,,0
38019,'1481199',1527,,248,36,,,0
38019,'1481200',1557,,249,36,,,0
38019,'1481201',1627,,250,36,,,0
38019,'1481202',1657,,251,36,,,0
38019,'1481203',1727,,252,36,,,0
38019,'1481204',1757,,253,36,,,0
38019,'1481205',1827,,254,36,,,0
38019,'1481206',1857,,255,36,,,0
38019,'1481207',1927,,256,36,,,0
38019,'1481267',657,,257,36,,,0
38019,'1481268',727,,258,36,,,0
38019,'1481269',757,,259,36,,,0
38019,'1481270',827,,260,36,,,0
38019,'1481271',857,,261,36,,,0
38019,'1481272',927,,262,36,,,0
38019,'1481273',957,,263,36,,,0
38019,'1481274',1027,,264,36,,,0
38019,'1481275',1057,,265,36,,,0
38019,'1481276',1127,,266,36,,,0
38019,'1481277',1157,,267,36,,,0
38019,'1481278',1227,,268,36,,,0
38019,'1481279',1257,,269,36,,,0
38019,'1481280',1327,,270,36,,,0
38019,'1481281',1357,,271,36,,,0
38019,'1481282',1427,,272,36,,,0
38019,'1481283',1457,,273,36,,,0
38019,'1481284',1527,,274,36,,,0
38019,'1481285',1557,,275,36,,,0
38019,'1481286',1627,,276,36,,,0
38019,'1481287',1657,,277,36,,,0
38019,'1481288',1727,,278,36,,,0
38019,'1481289',1757,,279,36,,,0
38019,'1481290',1827,,280,36,,,0
38019,'1481291',1857,,281,36,,,0
38019,'1481292',1927,,282,36,,,0
