38019,'1481182',630,,231,1,,,0,92,,231,61,4,,0
38019,'1481183',700,,232,1,,,0,52,,232,61,4,,0
38019,'1481184',730,,233,1,,,0,92,,233,61,4,,0
38019,'1481185',800,,234,1,,,0,52,,234,61,4,,0
38019,'1481186',830,,235,1,,,0,92,,235,61,4,,0
38019,'1481187',900,,236,1,,,0,52,,236,61,4,,0
38019,'1481188',930,,237,1,,,0,92,,237,61,4,,0
38019,'1481189',1000,,238,1,,,0,52,,238,61,4,,0
38019,'1481190',1030,,239,1,,,0,92,,239,61,4,,0
38019,'1481191',1100,,240,1,,,0,52,,240,61,4,,0
38019,'1481192',1130,,241,1,,,0,92,,241,61,4,,0
38019,'1481193',1200,,242,1,,,0,52,,242,61,4,,0
38019,'1481194',1230,,243,1,,,0,92,,243,61,4,,0
38019,'1481195',1300,,244,1,,,0,52,,244,61,4,,0
38019,'1481196',1330,,245,1,,,0,92,,245,61,4,,0
38019,'1481197',1400,,246,1,,,0,52,,246,61,4,,0
38019,'1481198',1430,,247,1,,,0,92,,247,61,4,,0
38019,'1481199',1500,,248,1,,,0,52,,248,61,4,,0
38019,'1481200',1530,,249,1,,,0,92,,249,61,4,,0
38019,'1481201',1600,,250,1,,,0,52,,250,61,4,,0
38019,'1481202',1630,,251,1,,,0,92,,251,61,4,,0
38019,'1481203',1700,,252,1,,,0,52,,252,61,4,,0
38019,'1481204',1730,,253,1,,,0,92,,253,61,4,,0
38019,'1481205',1800,,254,1,,,0,52,,254,61,4,,0
38019,'1481206',1830,,255,1,,,0,92,,255,61,4,,0
38019,'1481207',1900,,256,1,,,0,52,,256,61,4,,0
38019,'1481267',630,,257,1,,,0,92,,257,61,4,,0
38019,'1481268',700,,258,1,,,0,52,,258,61,4,,0
38019,'1481269',730,,259,1,,,0,92,,259,61,4,,0
38019,'1481270',800,,260,1,,,0,52,,260,61,4,,0
38019,'1481271',830,,261,1,,,0,92,,261,61,4,,0
38019,'1481272',900,,262,1,,,0,52,,262,61,4,,0
38019,'1481273',930,,263,1,,,0,92,,263,61,4,,0
38019,'1481274',1000,,264,1,,,0,52,,264,61,4,,0
38019,'1481275',1030,,265,1,,,0,92,,265,61,4,,0
38019,'1481276',1100,,266,1,,,0,52,,266,61,4,,0
38019,'1481277',1130,,267,1,,,0,92,,267,61,4,,0
38019,'1481278',1200,,268,1,,,0,52,,268,61,4,,0
38019,'1481279',1230,,269,1,,,0,92,,269,61,4,,0
38019,'1481280',1300,,270,1,,,0,52,,270,61,4,,0
38019,'1481281',1330,,271,1,,,0,92,,271,61,4,,0
38019,'1481282',1400,,272,1,,,0,52,,272,61,4,,0
38019,'1481283',1430,,273,1,,,0,92,,273,61,4,,0
38019,'1481284',1500,,274,1,,,0,52,,274,61,4,,0
38019,'1481285',1530,,275,1,,,0,92,,275,61,4,,0
38019,'1481286',1600,,276,1,,,0,52,,276,61,4,,0
38019,'1481287',1630,,277,1,,,0,92,,277,61,4,,0
38019,'1481288',1700,,278,1,,,0,52,,278,61,4,,0
38019,'1481289',1730,,279,1,,,0,92,,279,61,4,,0
38019,'1481290',1800,,280,1,,,0,52,,280,61,4,,0
38019,'1481291',1830,,281,1,,,0,96,,281,61,4,,0
38019,'1481292',1900,,282,1,,,0,56,,282,61,4,,0
902029,'1442623',2000,,336,2,,,0
902029,'1443277',2100,,343,2,,,0
902029,'1443327',2200,,346,2,,,0
902029,'1443696',2000,,350,2,,,0
902029,'1443801',1500,,353,2,,,0
902029,'1443882',1700,,354,2,,,0
902029,'1444181',1300,,357,2,,,0
902029,'1444215',2200,,358,2,,,0
902029,'1444222',1200,,359,2,,,0
902029,'1444364',1600,,360,2,,,0
902029,'1444425',1100,,361,2,,,0
902029,'1444479',2100,,362,2,,,0
902029,'1444524',1000,,363,2,,,0
