3809,'1481182',649,,231,22,,,0
3809,'1481183',719,,232,22,,,0
3809,'1481184',749,,233,22,,,0
3809,'1481185',819,,234,22,,,0
3809,'1481186',849,,235,22,,,0
3809,'1481187',919,,236,22,,,0
3809,'1481188',949,,237,22,,,0
3809,'1481189',1019,,238,22,,,0
3809,'1481190',1049,,239,22,,,0
3809,'1481191',1119,,240,22,,,0
3809,'1481192',1149,,241,22,,,0
3809,'1481193',1219,,242,22,,,0
3809,'1481194',1249,,243,22,,,0
3809,'1481195',1319,,244,22,,,0
3809,'1481196',1349,,245,22,,,0
3809,'1481197',1419,,246,22,,,0
3809,'1481198',1449,,247,22,,,0
3809,'1481199',1519,,248,22,,,0
3809,'1481200',1549,,249,22,,,0
3809,'1481201',1619,,250,22,,,0
3809,'1481202',1649,,251,22,,,0
3809,'1481203',1719,,252,22,,,0
3809,'1481204',1749,,253,22,,,0
3809,'1481205',1819,,254,22,,,0
3809,'1481206',1849,,255,22,,,0
3809,'1481207',1919,,256,22,,,0
3809,'1481267',649,,257,22,,,0
3809,'1481268',719,,258,22,,,0
3809,'1481269',749,,259,22,,,0
3809,'1481270',819,,260,22,,,0
3809,'1481271',849,,261,22,,,0
3809,'1481272',919,,262,22,,,0
3809,'1481273',949,,263,22,,,0
3809,'1481274',1019,,264,22,,,0
3809,'1481275',1049,,265,22,,,0
3809,'1481276',1119,,266,22,,,0
3809,'1481277',1149,,267,22,,,0
3809,'1481278',1219,,268,22,,,0
3809,'1481279',1249,,269,22,,,0
3809,'1481280',1319,,270,22,,,0
3809,'1481281',1349,,271,22,,,0
3809,'1481282',1419,,272,22,,,0
3809,'1481283',1449,,273,22,,,0
3809,'1481284',1519,,274,22,,,0
3809,'1481285',1549,,275,22,,,0
3809,'1481286',1619,,276,22,,,0
3809,'1481287',1649,,277,22,,,0
3809,'1481288',1719,,278,22,,,0
3809,'1481289',1749,,279,22,,,0
3809,'1481290',1819,,280,22,,,0
3809,'1481291',1849,,281,22,,,0
3809,'1481292',1919,,282,22,,,0
