609,'1481208',2206,,25,9,,,0
609,'1481209',2106,,26,9,,,0
609,'1481210',2006,,27,9,,,0
609,'1481293',2206,,28,9,,,0
609,'1481294',2106,,29,9,,,0
609,'1481295',2006,,30,9,,,0
3709,'1481156',637,,179,9,,,0
3709,'1481157',707,,180,9,,,0
3709,'1481158',737,,181,9,,,0
3709,'1481159',807,,182,9,,,0
3709,'1481160',837,,183,9,,,0
3709,'1481161',907,,184,9,,,0
3709,'1481162',937,,185,9,,,0
3709,'1481163',1007,,186,9,,,0
3709,'1481164',1037,,187,9,,,0
3709,'1481165',1107,,188,9,,,0
3709,'1481166',1137,,189,9,,,0
3709,'1481167',1207,,190,9,,,0
3709,'1481168',1237,,191,9,,,0
3709,'1481169',1307,,192,9,,,0
3709,'1481170',1337,,193,9,,,0
3709,'1481171',1407,,194,9,,,0
3709,'1481172',1437,,195,9,,,0
3709,'1481173',1507,,196,9,,,0
3709,'1481174',1537,,197,9,,,0
3709,'1481175',1607,,198,9,,,0
3709,'1481176',1637,,199,9,,,0
3709,'1481177',1707,,200,9,,,0
3709,'1481178',1737,,201,9,,,0
3709,'1481179',1807,,202,9,,,0
3709,'1481180',1837,,203,9,,,0
3709,'1481181',1907,,204,9,,,0
3709,'1481241',637,,205,9,,,0
3709,'1481242',707,,206,9,,,0
3709,'1481243',737,,207,9,,,0
3709,'1481244',807,,208,9,,,0
3709,'1481245',837,,209,9,,,0
3709,'1481246',907,,210,9,,,0
3709,'1481247',937,,211,9,,,0
3709,'1481248',1007,,212,9,,,0
3709,'1481249',1037,,213,9,,,0
3709,'1481250',1107,,214,9,,,0
3709,'1481251',1137,,215,9,,,0
3709,'1481252',1207,,216,9,,,0
3709,'1481253',1237,,217,9,,,0
3709,'1481254',1307,,218,9,,,0
3709,'1481255',1337,,219,9,,,0
3709,'1481256',1407,,220,9,,,0
3709,'1481257',1437,,221,9,,,0
3709,'1481258',1507,,222,9,,,0
3709,'1481259',1537,,223,9,,,0
3709,'1481260',1607,,224,9,,,0
3709,'1481261',1637,,225,9,,,0
3709,'1481262',1707,,226,9,,,0
3709,'1481263',1737,,227,9,,,0
3709,'1481264',1807,,228,9,,,0
3709,'1481265',1837,,229,9,,,0
3709,'1481266',1907,,230,9,,,0
