3209,'1442596',1820,,141,33,,,0
3209,'1442687',950,,142,33,,,0
3209,'1442754',650,,143,33,,,0
3209,'1442760',1420,,144,33,,,0
3209,'1442882',1750,,145,33,,,0
3209,'1442921',1350,,146,33,,,0
3209,'1442945',1550,,147,33,,,0
3209,'1443019',1050,,148,33,,,0
3209,'1443027',1750,,149,33,,,0
3209,'1443032',1150,,150,33,,,0
3209,'1443124',1020,,151,33,,,0
3209,'1443173',1720,,152,33,,,0
3209,'1443223',850,,153,33,,,0
3209,'1443230',750,,154,33,,,0
3209,'1443346',1220,,155,33,,,0
3209,'1443371',1650,,156,33,,,0
3209,'1443418',650,,157,33,,,0
3209,'1443451',1850,,158,33,,,0
3209,'1443460',1520,,159,33,,,0
3209,'1443559',1350,,160,33,,,0
3209,'1443566',1450,,161,33,,,0
3209,'1443666',950,,162,33,,,0
3209,'1443678',1450,,163,33,,,0
3209,'1443693',920,,164,33,,,0
3209,'1443729',1120,,165,33,,,0
3209,'1443750',1250,,166,33,,,0
3209,'1443756',720,,167,33,,,0
3209,'1443859',850,,168,33,,,0
3209,'1443893',1850,,169,33,,,0
3209,'1444067',1150,,170,33,,,0
3209,'1444076',750,,171,33,,,0
3209,'1444125',1320,,172,33,,,0
3209,'1444263',1050,,173,33,,,0
3209,'1444410',1620,,174,33,,,0
3209,'1444513',1250,,175,33,,,0
3209,'1444517',820,,176,33,,,0
3209,'1444645',1650,,177,33,,,0
3209,'1444700',1550,,178,33,,,0
90209,'1442632',2249,,337,33,0,9 10,0
90209,'1442824',2249,,338,33,0,9 10,0
90209,'1442866',1249,,339,33,0,9 10,0
90209,'1443008',1149,,340,33,0,9 10,0
90209,'1443149',1549,,341,33,0,9 10,0
90209,'1443169',2049,,342,33,0,9 10,0
90209,'1443298',2049,,344,33,0,9 10,0
90209,'1443323',1649,,345,33,0,9 10,0
90209,'1443365',1049,,347,33,0,9 10,0
90209,'1443389',1949,,348,33,0,9 10,0
90209,'1443612',2149,,349,33,0,9 10,0
90209,'1443718',1349,,351,33,0,9 10,0
90209,'1443721',2149,,352,33,0,9 10,0
90209,'1443889',1949,,355,33,0,9 10,0
90209,'1444136',949,,356,33,0,9 10,0
