16019,'1442759',1215,,63,46,0,5,0
16019,'1442908',1715,,64,46,0,5,0
16019,'1443382',1615,,65,46,0,5,0
16019,'1443639',1015,,66,46,0,5,0
16019,'1443689',1915,,67,46,0,5,0
16019,'1443695',1115,,68,46,0,5,0
16019,'1443794',1315,,69,46,0,5,0
16019,'1443910',1515,,70,46,0,5,0
16019,'1443990',1415,,71,46,0,5,0
16019,'1444348',1815,,72,46,0,5,0
16019,'1444457',915,,73,46,0,5,0
16019,'1444527',815,,74,46,0,5,0
16019,'1444699',715,,75,46,0,5,0
16019,'1471644',715,,76,48,0,6 7,0
16019,'1471645',815,,77,48,0,6 7,0
16019,'1471646',915,,78,48,0,6 7,0
16019,'1471647',1015,,79,48,0,6 7,0
16019,'1471648',1115,,80,48,0,6 7,0
16019,'1471649',1215,,81,48,0,6 7,0
16019,'1471650',1315,,82,48,0,6 7,0
16019,'1471651',1415,,83,48,0,6 7,0
16019,'1471652',1515,,84,48,0,6 7,0
16019,'1471653',1615,,85,48,0,6 7,0
16019,'1471654',1715,,86,48,0,6 7,0
16019,'1471655',1815,,87,48,0,6 7,0
16019,'1471656',1915,,88,48,0,6 7,0
16019,'1471657',745,,89,48,0,6 7,0
16019,'1471658',845,,90,48,0,6 7,0
16019,'1471659',945,,91,48,0,6 7,0
16019,'1471660',1145,,92,49,0,8,0
16019,'1471661',1645,,93,48,0,6 7,0
16019,'1471662',1245,,94,49,0,8,0
16019,'1471663',1345,,95,49,0,8,0
16019,'1471664',1745,,96,48,0,6 7,0
16019,'1471665',1845,,97,48,0,6 7,0
16019,'1471666',1045,,98,49,0,8,0
16019,'1471667',1545,,99,48,0,6 7,0
16019,'1471668',1445,,100,49,0,8,0
901019,'1481211',2311,,299,46,,,0
901019,'1481212',2011,,300,46,,,0
901019,'1481213',2111,,301,46,,,0
901019,'1481214',2211,,302,46,,,0
901019,'1481220',911,,307,46,,,0
901019,'1481221',1011,,308,46,,,0
901019,'1481222',1111,,309,46,,,0
901019,'1481223',1211,,310,46,,,0
901019,'1481224',1311,,311,46,,,0
901019,'1481225',1411,,312,46,,,0
901019,'1481226',1511,,313,46,,,0
901019,'1481227',1611,,314,46,,,0
901019,'1481228',1711,,315,46,,,0
901019,'1481229',1811,,316,46,,,0
901019,'1481230',1911,,317,46,,,0
901019,'1481296',2318,,328,46,,,0
901019,'1481297',2018,,329,46,,,0
901019,'1481298',2118,,330,46,,,0
901019,'1481299',2218,,331,46,,,0
