3209,'1442596',1813,,141,22,,,0
3209,'1442687',943,,142,22,,,0
3209,'1442754',643,,143,22,,,0
3209,'1442760',1413,,144,22,,,0
3209,'1442882',1743,,145,22,,,0
3209,'1442921',1343,,146,22,,,0
3209,'1442945',1543,,147,22,,,0
3209,'1443019',1043,,148,22,,,0
3209,'1443027',1743,,149,22,,,0
3209,'1443032',1143,,150,22,,,0
3209,'1443124',1013,,151,22,,,0
3209,'1443173',1713,,152,22,,,0
3209,'1443223',843,,153,22,,,0
3209,'1443230',743,,154,22,,,0
3209,'1443346',1213,,155,22,,,0
3209,'1443371',1643,,156,22,,,0
3209,'1443418',643,,157,22,,,0
3209,'1443451',1843,,158,22,,,0
3209,'1443460',1513,,159,22,,,0
3209,'1443559',1343,,160,22,,,0
3209,'1443566',1443,,161,22,,,0
3209,'1443666',943,,162,22,,,0
3209,'1443678',1443,,163,22,,,0
3209,'1443693',913,,164,22,,,0
3209,'1443729',1113,,165,22,,,0
3209,'1443750',1243,,166,22,,,0
3209,'1443756',713,,167,22,,,0
3209,'1443859',843,,168,22,,,0
3209,'1443893',1843,,169,22,,,0
3209,'1444067',1143,,170,22,,,0
3209,'1444076',743,,171,22,,,0
3209,'1444125',1313,,172,22,,,0
3209,'1444263',1043,,173,22,,,0
3209,'1444410',1613,,174,22,,,0
3209,'1444513',1243,,175,22,,,0
3209,'1444517',813,,176,22,,,0
3209,'1444645',1643,,177,22,,,0
3209,'1444700',1543,,178,22,,,0
90209,'1442632',2243,,337,22,0,9 10,0
90209,'1442824',2243,,338,22,0,9 10,0
90209,'1442866',1243,,339,22,0,9 10,0
90209,'1443008',1143,,340,22,0,9 10,0
90209,'1443149',1543,,341,22,0,9 10,0
90209,'1443169',2043,,342,22,0,9 10,0
90209,'1443298',2043,,344,22,0,9 10,0
90209,'1443323',1643,,345,22,0,9 10,0
90209,'1443365',1043,,347,22,0,9 10,0
90209,'1443389',1943,,348,22,0,9 10,0
90209,'1443612',2143,,349,22,0,9 10,0
90209,'1443718',1343,,351,22,0,9 10,0
90209,'1443721',2143,,352,22,0,9 10,0
90209,'1443889',1943,,355,22,0,9 10,0
90209,'1444136',943,,356,22,0,9 10,0
