3809,'1481182',645,,231,19,,,0
3809,'1481183',715,,232,19,,,0
3809,'1481184',745,,233,19,,,0
3809,'1481185',815,,234,19,,,0
3809,'1481186',845,,235,19,,,0
3809,'1481187',915,,236,19,,,0
3809,'1481188',945,,237,19,,,0
3809,'1481189',1015,,238,19,,,0
3809,'1481190',1045,,239,19,,,0
3809,'1481191',1115,,240,19,,,0
3809,'1481192',1145,,241,19,,,0
3809,'1481193',1215,,242,19,,,0
3809,'1481194',1245,,243,19,,,0
3809,'1481195',1315,,244,19,,,0
3809,'1481196',1345,,245,19,,,0
3809,'1481197',1415,,246,19,,,0
3809,'1481198',1445,,247,19,,,0
3809,'1481199',1515,,248,19,,,0
3809,'1481200',1545,,249,19,,,0
3809,'1481201',1615,,250,19,,,0
3809,'1481202',1645,,251,19,,,0
3809,'1481203',1715,,252,19,,,0
3809,'1481204',1745,,253,19,,,0
3809,'1481205',1815,,254,19,,,0
3809,'1481206',1845,,255,19,,,0
3809,'1481207',1915,,256,19,,,0
3809,'1481267',645,,257,19,,,0
3809,'1481268',715,,258,19,,,0
3809,'1481269',745,,259,19,,,0
3809,'1481270',815,,260,19,,,0
3809,'1481271',845,,261,19,,,0
3809,'1481272',915,,262,19,,,0
3809,'1481273',945,,263,19,,,0
3809,'1481274',1015,,264,19,,,0
3809,'1481275',1045,,265,19,,,0
3809,'1481276',1115,,266,19,,,0
3809,'1481277',1145,,267,19,,,0
3809,'1481278',1215,,268,19,,,0
3809,'1481279',1245,,269,19,,,0
3809,'1481280',1315,,270,19,,,0
3809,'1481281',1345,,271,19,,,0
3809,'1481282',1415,,272,19,,,0
3809,'1481283',1445,,273,19,,,0
3809,'1481284',1515,,274,19,,,0
3809,'1481285',1545,,275,19,,,0
3809,'1481286',1615,,276,19,,,0
3809,'1481287',1645,,277,19,,,0
3809,'1481288',1715,,278,19,,,0
3809,'1481289',1745,,279,19,,,0
3809,'1481290',1815,,280,19,,,0
3809,'1481291',1845,,281,19,,,0
3809,'1481292',1915,,282,19,,,0
90109,'1481215',2244,,303,21,0,11 12,0
90109,'1481216',2144,,304,21,0,11 12,0
90109,'1481217',2044,,305,21,0,11 12,0
90109,'1481218',1944,,306,21,0,11 12,0
90109,'1481231',844,,318,21,0,11 12,0
90109,'1481232',944,,319,21,0,11 12,0
90109,'1481233',1044,,320,21,0,11 12,0
90109,'1481234',1144,,321,21,0,11 12,0
90109,'1481235',1244,,322,21,0,11 12,0
90109,'1481236',1344,,323,21,0,11 12,0
90109,'1481237',1444,,324,21,0,11 12,0
90109,'1481238',1544,,325,21,0,11 12,0
90109,'1481239',1644,,326,21,0,11 12,0
90109,'1481240',1744,,327,21,0,11 12,0
90109,'1481300',2244,,332,21,0,11 12,0
90109,'1481301',2144,,333,21,0,11 12,0
90109,'1481302',2044,,334,21,0,11 12,0
90109,'1481303',1944,,335,21,0,11 12,0
