1609,'1442759',1146,,63,18,0,5,0
1609,'1442908',1646,,64,18,0,5,0
1609,'1443382',1546,,65,18,0,5,0
1609,'1443639',946,,66,18,0,5,0
1609,'1443689',1846,,67,18,0,5,0
1609,'1443695',1046,,68,18,0,5,0
1609,'1443794',1246,,69,18,0,5,0
1609,'1443910',1446,,70,18,0,5,0
1609,'1443990',1346,,71,18,0,5,0
1609,'1444348',1746,,72,18,0,5,0
1609,'1444457',846,,73,18,0,5,0
1609,'1444527',746,,74,18,0,5,0
1609,'1444699',646,,75,18,0,5,0
1609,'1471644',646,,76,18,0,6 7,0
1609,'1471645',746,,77,18,0,6 7,0
1609,'1471646',846,,78,18,0,6 7,0
1609,'1471647',946,,79,18,0,6 7,0
1609,'1471648',1046,,80,18,0,6 7,0
1609,'1471649',1146,,81,18,0,6 7,0
1609,'1471650',1246,,82,18,0,6 7,0
1609,'1471651',1346,,83,18,0,6 7,0
1609,'1471652',1446,,84,18,0,6 7,0
1609,'1471653',1546,,85,18,0,6 7,0
1609,'1471654',1646,,86,18,0,6 7,0
1609,'1471655',1746,,87,18,0,6 7,0
1609,'1471656',1846,,88,18,0,6 7,0
1609,'1471657',716,,89,18,0,6 7,0
1609,'1471658',816,,90,18,0,6 7,0
1609,'1471659',916,,91,18,0,6 7,0
1609,'1471660',1116,,92,19,0,8,0
1609,'1471661',1616,,93,18,0,6 7,0
1609,'1471662',1216,,94,19,0,8,0
1609,'1471663',1316,,95,19,0,8,0
1609,'1471664',1716,,96,18,0,6 7,0
1609,'1471665',1816,,97,18,0,6 7,0
1609,'1471666',1016,,98,19,0,8,0
1609,'1471667',1516,,99,18,0,6 7,0
1609,'1471668',1416,,100,19,0,8,0
90109,'1481211',2244,,299,18,0,6,0
90109,'1481212',1944,,300,18,0,6,0
90109,'1481213',2044,,301,18,0,6,0
90109,'1481214',2144,,302,18,0,6,0
90109,'1481220',844,,307,18,0,6,0
90109,'1481221',944,,308,18,0,6,0
90109,'1481222',1044,,309,18,0,6,0
90109,'1481223',1144,,310,18,0,6,0
90109,'1481224',1244,,311,18,0,6,0
90109,'1481225',1344,,312,18,0,6,0
90109,'1481226',1444,,313,18,0,6,0
90109,'1481227',1544,,314,18,0,6,0
90109,'1481228',1644,,315,18,0,6,0
90109,'1481229',1744,,316,18,0,6,0
90109,'1481230',1844,,317,18,0,6,0
90109,'1481296',2245,,328,18,0,6,0
90109,'1481297',1945,,329,18,0,6,0
90109,'1481298',2045,,330,18,0,6,0
90109,'1481299',2145,,331,18,0,6,0
