7019,'1442686',2143,,31,23,,,0
7019,'1443170',2043,,32,23,,,0
7019,'1443421',2044,,33,23,,,0
7019,'1444160',1944,,34,23,,,0
7019,'1444518',1943,,35,23,,,0
7019,'1444604',2144,,36,23,,,0
37019,'1481156',657,,179,36,,,0
37019,'1481157',727,,180,36,,,0
37019,'1481158',757,,181,36,,,0
37019,'1481159',827,,182,36,,,0
37019,'1481160',857,,183,36,,,0
37019,'1481161',927,,184,36,,,0
37019,'1481162',957,,185,36,,,0
37019,'1481163',1027,,186,36,,,0
37019,'1481164',1057,,187,36,,,0
37019,'1481165',1127,,188,36,,,0
37019,'1481166',1157,,189,36,,,0
37019,'1481167',1227,,190,36,,,0
37019,'1481168',1257,,191,36,,,0
37019,'1481169',1327,,192,36,,,0
37019,'1481170',1357,,193,36,,,0
37019,'1481171',1427,,194,36,,,0
37019,'1481172',1457,,195,36,,,0
37019,'1481173',1527,,196,36,,,0
37019,'1481174',1557,,197,36,,,0
37019,'1481175',1627,,198,36,,,0
37019,'1481176',1657,,199,36,,,0
37019,'1481177',1727,,200,36,,,0
37019,'1481178',1757,,201,36,,,0
37019,'1481179',1827,,202,36,,,0
37019,'1481180',1857,,203,36,,,0
37019,'1481181',1927,,204,36,,,0
37019,'1481241',657,,205,36,,,0
37019,'1481242',727,,206,36,,,0
37019,'1481243',757,,207,36,,,0
37019,'1481244',827,,208,36,,,0
37019,'1481245',857,,209,36,,,0
37019,'1481246',927,,210,36,,,0
37019,'1481247',957,,211,36,,,0
37019,'1481248',1027,,212,36,,,0
37019,'1481249',1057,,213,36,,,0
37019,'1481250',1127,,214,36,,,0
37019,'1481251',1157,,215,36,,,0
37019,'1481252',1227,,216,36,,,0
37019,'1481253',1257,,217,36,,,0
37019,'1481254',1327,,218,36,,,0
37019,'1481255',1357,,219,36,,,0
37019,'1481256',1427,,220,36,,,0
37019,'1481257',1457,,221,36,,,0
37019,'1481258',1527,,222,36,,,0
37019,'1481259',1557,,223,36,,,0
37019,'1481260',1627,,224,36,,,0
37019,'1481261',1657,,225,36,,,0
37019,'1481262',1727,,226,36,,,0
37019,'1481263',1757,,227,36,,,0
37019,'1481264',1827,,228,36,,,0
37019,'1481265',1857,,229,36,,,0
37019,'1481266',1927,,230,36,,,0
38019,'1481182',656,,231,34,,,0
38019,'1481183',726,,232,34,,,0
38019,'1481184',756,,233,34,,,0
38019,'1481185',826,,234,34,,,0
38019,'1481186',856,,235,34,,,0
38019,'1481187',926,,236,34,,,0
38019,'1481188',956,,237,34,,,0
38019,'1481189',1026,,238,34,,,0
38019,'1481190',1056,,239,34,,,0
38019,'1481191',1126,,240,34,,,0
38019,'1481192',1156,,241,34,,,0
38019,'1481193',1226,,242,34,,,0
38019,'1481194',1256,,243,34,,,0
38019,'1481195',1326,,244,34,,,0
38019,'1481196',1356,,245,34,,,0
38019,'1481197',1426,,246,34,,,0
38019,'1481198',1456,,247,34,,,0
38019,'1481199',1526,,248,34,,,0
38019,'1481200',1556,,249,34,,,0
38019,'1481201',1626,,250,34,,,0
38019,'1481202',1656,,251,34,,,0
38019,'1481203',1726,,252,34,,,0
38019,'1481204',1756,,253,34,,,0
38019,'1481205',1826,,254,34,,,0
38019,'1481206',1856,,255,34,,,0
38019,'1481207',1926,,256,34,,,0
38019,'1481267',656,,257,34,,,0
38019,'1481268',726,,258,34,,,0
38019,'1481269',756,,259,34,,,0
38019,'1481270',826,,260,34,,,0
38019,'1481271',856,,261,34,,,0
38019,'1481272',926,,262,34,,,0
38019,'1481273',956,,263,34,,,0
38019,'1481274',1026,,264,34,,,0
38019,'1481275',1056,,265,34,,,0
38019,'1481276',1126,,266,34,,,0
38019,'1481277',1156,,267,34,,,0
38019,'1481278',1226,,268,34,,,0
38019,'1481279',1256,,269,34,,,0
38019,'1481280',1326,,270,34,,,0
38019,'1481281',1356,,271,34,,,0
38019,'1481282',1426,,272,34,,,0
38019,'1481283',1456,,273,34,,,0
38019,'1481284',1526,,274,34,,,0
38019,'1481285',1556,,275,34,,,0
38019,'1481286',1626,,276,34,,,0
38019,'1481287',1656,,277,34,,,0
38019,'1481288',1726,,278,34,,,0
38019,'1481289',1756,,279,34,,,0
38019,'1481290',1826,,280,34,,,0
38019,'1481291',1856,,281,34,,,0
38019,'1481292',1926,,282,34,,,0
