909,'1442574',1351,,37,33,,,0
909,'1442601',1451,,38,33,,,0
909,'1442683',1251,,39,33,,,0
909,'1442720',751,,40,33,,,0
909,'1442725',1351,,41,33,,,0
909,'1442740',1551,,42,33,,,0
909,'1442981',1551,,43,33,,,0
909,'1443060',1051,,44,33,,,0
909,'1443114',851,,45,33,,,0
909,'1443507',751,,46,33,,,0
909,'1443572',1851,,47,33,,,0
909,'1443665',851,,48,33,,,0
909,'1443760',1451,,49,33,,,0
909,'1444093',951,,50,33,,,0
909,'1444114',1651,,51,33,,,0
909,'1444140',1651,,52,33,,,0
909,'1444157',1751,,53,33,,,0
909,'1444177',651,,54,33,,,0
909,'1444202',951,,55,33,,,0
909,'1444275',1151,,56,33,,,0
909,'1444286',651,,57,33,,,0
909,'1444316',1751,,58,33,,,0
909,'1444336',1051,,59,33,,,0
909,'1444355',1251,,60,33,,,0
909,'1444529',1851,,61,33,,,0
909,'1444681',1151,,62,33,,,0
