509,'1442650',1118,,1,21,,,0
509,'1442688',1018,,2,21,,,0
509,'1442690',918,,3,21,,,0
509,'1442938',1718,,4,21,,,0
509,'1443029',1618,,5,21,,,0
509,'1443081',818,,6,21,,,0
509,'1443286',1218,,7,21,,,0
509,'1443417',1818,,8,21,,,0
509,'1443735',1418,,9,21,,,0
509,'1443904',1518,,10,21,,,0
509,'1443973',718,,11,21,,,0
509,'1444646',1318,,12,21,,,0
509,'1468946',718,,13,21,,,0
509,'1468947',818,,14,21,,,0
509,'1468948',918,,15,21,,,0
509,'1468949',1018,,16,21,,,0
509,'1468950',1118,,17,21,,,0
509,'1468951',1218,,18,21,,,0
509,'1468952',1318,,19,21,,,0
509,'1468953',1418,,20,21,,,0
509,'1468954',1518,,21,21,,,0
509,'1468955',1618,,22,21,,,0
509,'1468956',1718,,23,21,,,0
509,'1468957',1818,,24,21,,,0
