5019,'1442650',1116,,1,18,,,0
5019,'1442688',1016,,2,18,,,0
5019,'1442690',916,,3,18,,,0
5019,'1442938',1716,,4,18,,,0
5019,'1443029',1616,,5,18,,,0
5019,'1443081',816,,6,18,,,0
5019,'1443286',1216,,7,18,,,0
5019,'1443417',1816,,8,18,,,0
5019,'1443735',1416,,9,18,,,0
5019,'1443904',1516,,10,18,,,0
5019,'1443973',716,,11,18,,,0
5019,'1444646',1316,,12,18,,,0
5019,'1468946',716,,13,18,,,0
5019,'1468947',816,,14,18,,,0
5019,'1468948',916,,15,18,,,0
5019,'1468949',1016,,16,18,,,0
5019,'1468950',1116,,17,18,,,0
5019,'1468951',1216,,18,18,,,0
5019,'1468952',1316,,19,18,,,0
5019,'1468953',1416,,20,18,,,0
5019,'1468954',1516,,21,18,,,0
5019,'1468955',1616,,22,18,,,0
5019,'1468956',1716,,23,18,,,0
5019,'1468957',1816,,24,18,,,0
902029,'1442623',2011,,336,13,,,0
902029,'1443277',2111,,343,13,,,0
902029,'1443327',2211,,346,13,,,0
902029,'1443696',2011,,350,13,,,0
902029,'1443801',1511,,353,13,,,0
902029,'1443882',1711,,354,13,,,0
902029,'1444181',1311,,357,13,,,0
902029,'1444215',2211,,358,13,,,0
902029,'1444222',1211,,359,13,,,0
902029,'1444364',1611,,360,13,,,0
902029,'1444425',1111,,361,13,,,0
902029,'1444479',2111,,362,13,,,0
902029,'1444524',1011,,363,13,,,0
