609,'1481208',2219,,25,28,,,0
609,'1481209',2119,,26,28,,,0
609,'1481210',2019,,27,28,,,0
609,'1481293',2219,,28,28,,,0
609,'1481294',2119,,29,28,,,0
609,'1481295',2019,,30,28,,,0
709,'1442686',2147,,31,32,,,0
709,'1443170',2047,,32,32,,,0
709,'1443421',2051,,33,32,,,0
709,'1444160',1951,,34,32,,,0
709,'1444518',1947,,35,32,,,0
709,'1444604',2151,,36,32,,,0
3809,'1481182',715,,231,56,,,0
3809,'1481183',745,,232,56,,,0
3809,'1481184',815,,233,56,,,0
3809,'1481185',845,,234,56,,,0
3809,'1481186',915,,235,56,,,0
3809,'1481187',945,,236,56,,,0
3809,'1481188',1015,,237,56,,,0
3809,'1481189',1045,,238,56,,,0
3809,'1481190',1115,,239,56,,,0
3809,'1481191',1145,,240,56,,,0
3809,'1481192',1215,,241,56,,,0
3809,'1481193',1245,,242,56,,,0
3809,'1481194',1315,,243,56,,,0
3809,'1481195',1345,,244,56,,,0
3809,'1481196',1415,,245,56,,,0
3809,'1481197',1445,,246,56,,,0
3809,'1481198',1515,,247,56,,,0
3809,'1481199',1545,,248,56,,,0
3809,'1481200',1615,,249,56,,,0
3809,'1481201',1645,,250,56,,,0
3809,'1481202',1715,,251,56,,,0
3809,'1481203',1745,,252,56,,,0
3809,'1481204',1815,,253,56,,,0
3809,'1481205',1845,,254,56,,,0
3809,'1481206',1915,,255,56,,,0
3809,'1481207',1945,,256,56,,,0
3809,'1481267',715,,257,56,,,0
3809,'1481268',745,,258,56,,,0
3809,'1481269',815,,259,56,,,0
3809,'1481270',845,,260,56,,,0
3809,'1481271',915,,261,56,,,0
3809,'1481272',945,,262,56,,,0
3809,'1481273',1015,,263,56,,,0
3809,'1481274',1045,,264,56,,,0
3809,'1481275',1115,,265,56,,,0
3809,'1481276',1145,,266,56,,,0
3809,'1481277',1215,,267,56,,,0
3809,'1481278',1245,,268,56,,,0
3809,'1481279',1315,,269,56,,,0
3809,'1481280',1345,,270,56,,,0
3809,'1481281',1415,,271,56,,,0
3809,'1481282',1445,,272,56,,,0
3809,'1481283',1515,,273,56,,,0
3809,'1481284',1545,,274,56,,,0
3809,'1481285',1615,,275,56,,,0
3809,'1481286',1645,,276,56,,,0
3809,'1481287',1715,,277,56,,,0
3809,'1481288',1745,,278,56,,,0
3809,'1481289',1815,,279,56,,,0
3809,'1481290',1845,,280,56,,,0
3809,'1481291',1919,,281,56,,,0
3809,'1481292',1949,,282,56,,,0
7600009,'1442746',1019,,364,30,,,0
7600009,'1442836',1149,,365,30,,,0
7600009,'1442868',1249,,366,30,,,0
7600009,'1442936',1449,,367,30,,,0
7600009,'1442948',1319,,368,30,,,0
7600009,'1442960',1119,,369,30,,,0
7600009,'1443166',1519,,370,30,,,0
7600009,'1443237',1619,,371,30,,,0
7600009,'1443568',1649,,372,30,,,0
7600009,'1443930',1719,,373,30,,,0
7600009,'1444078',1219,,374,30,,,0
7600009,'1444147',1749,,375,30,,,0
7600009,'1444253',1049,,376,30,,,0
7600009,'1444707',1549,,377,30,,,0
