3709,'1481156',712,,179,56,,,0
3709,'1481157',742,,180,56,,,0
3709,'1481158',812,,181,56,,,0
3709,'1481159',842,,182,56,,,0
3709,'1481160',912,,183,56,,,0
3709,'1481161',942,,184,56,,,0
3709,'1481162',1012,,185,56,,,0
3709,'1481163',1042,,186,56,,,0
3709,'1481164',1112,,187,56,,,0
3709,'1481165',1142,,188,56,,,0
3709,'1481166',1212,,189,56,,,0
3709,'1481167',1242,,190,56,,,0
3709,'1481168',1312,,191,56,,,0
3709,'1481169',1342,,192,56,,,0
3709,'1481170',1412,,193,56,,,0
3709,'1481171',1442,,194,56,,,0
3709,'1481172',1512,,195,56,,,0
3709,'1481173',1542,,196,56,,,0
3709,'1481174',1612,,197,56,,,0
3709,'1481175',1642,,198,56,,,0
3709,'1481176',1712,,199,56,,,0
3709,'1481177',1742,,200,56,,,0
3709,'1481178',1812,,201,56,,,0
3709,'1481179',1842,,202,56,,,0
3709,'1481180',1912,,203,56,,,0
3709,'1481181',1942,,204,56,,,0
3709,'1481241',715,,205,56,,,0
3709,'1481242',745,,206,56,,,0
3709,'1481243',815,,207,56,,,0
3709,'1481244',845,,208,56,,,0
3709,'1481245',915,,209,56,,,0
3709,'1481246',945,,210,56,,,0
3709,'1481247',1015,,211,56,,,0
3709,'1481248',1045,,212,56,,,0
3709,'1481249',1115,,213,56,,,0
3709,'1481250',1145,,214,56,,,0
3709,'1481251',1215,,215,56,,,0
3709,'1481252',1245,,216,56,,,0
3709,'1481253',1315,,217,56,,,0
3709,'1481254',1345,,218,56,,,0
3709,'1481255',1415,,219,56,,,0
3709,'1481256',1445,,220,56,,,0
3709,'1481257',1515,,221,56,,,0
3709,'1481258',1545,,222,56,,,0
3709,'1481259',1615,,223,56,,,0
3709,'1481260',1645,,224,56,,,0
3709,'1481261',1715,,225,56,,,0
3709,'1481262',1745,,226,56,,,0
3709,'1481263',1815,,227,56,,,0
3709,'1481264',1845,,228,56,,,0
3709,'1481265',1915,,229,56,,,0
3709,'1481266',1945,,230,56,,,0
90109,'1481215',2315,,303,51,0,11 12,0
90109,'1481216',2215,,304,51,0,11 12,0
90109,'1481217',2115,,305,51,0,11 12,0
90109,'1481218',2015,,306,51,0,11 12,0
90109,'1481231',915,,318,51,0,11 12,0
90109,'1481232',1015,,319,51,0,11 12,0
90109,'1481233',1115,,320,51,0,11 12,0
90109,'1481234',1215,,321,51,0,11 12,0
90109,'1481235',1315,,322,51,0,11 12,0
90109,'1481236',1415,,323,51,0,11 12,0
90109,'1481237',1515,,324,51,0,11 12,0
90109,'1481238',1615,,325,51,0,11 12,0
90109,'1481239',1715,,326,51,0,11 12,0
90109,'1481240',1815,,327,51,0,11 12,0
90109,'1481300',2318,,332,51,0,11 12,0
90109,'1481301',2218,,333,51,0,11 12,0
90109,'1481302',2118,,334,51,0,11 12,0
90109,'1481303',2018,,335,51,0,11 12,0
