37019,'1481156',713,,179,57,,,0
37019,'1481157',743,,180,57,,,0
37019,'1481158',813,,181,57,,,0
37019,'1481159',843,,182,57,,,0
37019,'1481160',913,,183,57,,,0
37019,'1481161',943,,184,57,,,0
37019,'1481162',1013,,185,57,,,0
37019,'1481163',1043,,186,57,,,0
37019,'1481164',1113,,187,57,,,0
37019,'1481165',1143,,188,57,,,0
37019,'1481166',1213,,189,57,,,0
37019,'1481167',1243,,190,57,,,0
37019,'1481168',1313,,191,57,,,0
37019,'1481169',1343,,192,57,,,0
37019,'1481170',1413,,193,57,,,0
37019,'1481171',1443,,194,57,,,0
37019,'1481172',1513,,195,57,,,0
37019,'1481173',1543,,196,57,,,0
37019,'1481174',1613,,197,57,,,0
37019,'1481175',1643,,198,57,,,0
37019,'1481176',1713,,199,57,,,0
37019,'1481177',1743,,200,57,,,0
37019,'1481178',1813,,201,57,,,0
37019,'1481179',1843,,202,57,,,0
37019,'1481180',1913,,203,57,,,0
37019,'1481181',1943,,204,57,,,0
37019,'1481241',716,,205,57,,,0
37019,'1481242',746,,206,57,,,0
37019,'1481243',816,,207,57,,,0
37019,'1481244',846,,208,57,,,0
37019,'1481245',916,,209,57,,,0
37019,'1481246',946,,210,57,,,0
37019,'1481247',1016,,211,57,,,0
37019,'1481248',1046,,212,57,,,0
37019,'1481249',1116,,213,57,,,0
37019,'1481250',1146,,214,57,,,0
37019,'1481251',1216,,215,57,,,0
37019,'1481252',1246,,216,57,,,0
37019,'1481253',1316,,217,57,,,0
37019,'1481254',1346,,218,57,,,0
37019,'1481255',1416,,219,57,,,0
37019,'1481256',1446,,220,57,,,0
37019,'1481257',1516,,221,57,,,0
37019,'1481258',1546,,222,57,,,0
37019,'1481259',1616,,223,57,,,0
37019,'1481260',1646,,224,57,,,0
37019,'1481261',1716,,225,57,,,0
37019,'1481262',1746,,226,57,,,0
37019,'1481263',1816,,227,57,,,0
37019,'1481264',1846,,228,57,,,0
37019,'1481265',1916,,229,57,,,0
37019,'1481266',1946,,230,57,,,0
901029,'1481215',2316,,303,52,,,0
901029,'1481216',2216,,304,52,,,0
901029,'1481217',2116,,305,52,,,0
901029,'1481218',2016,,306,52,,,0
901029,'1481231',916,,318,52,,,0
901029,'1481232',1016,,319,52,,,0
901029,'1481233',1116,,320,52,,,0
901029,'1481234',1216,,321,52,,,0
901029,'1481235',1316,,322,52,,,0
901029,'1481236',1416,,323,52,,,0
901029,'1481237',1516,,324,52,,,0
901029,'1481238',1616,,325,52,,,0
901029,'1481239',1716,,326,52,,,0
901029,'1481240',1816,,327,52,,,0
901029,'1481300',2319,,332,52,,,0
901029,'1481301',2219,,333,52,,,0
901029,'1481302',2119,,334,52,,,0
901029,'1481303',2019,,335,52,,,0
