3109,'1442657',1301,,102,3,,,0
3109,'1442704',1731,,103,3,,,0
3109,'1442731',1101,,104,3,,,0
3109,'1442816',1031,,105,3,,,0
3109,'1442926',801,,106,3,,,0
3109,'1442939',801,,107,3,,,0
3109,'1442988',901,,108,3,,,0
3109,'1443001',1501,,109,3,,,0
3109,'1443020',1001,,110,3,,,0
3109,'1443042',931,,111,3,,,0
3109,'1443050',1301,,112,3,,,0
3109,'1443073',1501,,113,3,,,0
3109,'1443135',1401,,114,3,,,0
3109,'1443141',1531,,115,3,,,0
3109,'1443144',1131,,116,3,,,0
3109,'1443163',1201,,117,3,,,0
3109,'1443412',1431,,118,3,,,0
3109,'1443419',1331,,119,3,,,0
3109,'1443472',1231,,120,3,,,0
3109,'1443548',1401,,121,3,,,0
3109,'1443737',1801,,122,3,,,0
3109,'1443781',1831,,123,3,,,0
3109,'1443831',1801,,124,3,,,0
3109,'1443867',1201,,125,3,,,0
3109,'1443869',1001,,126,3,,,0
3109,'1443890',701,,127,3,,,0
3109,'1443895',701,,128,3,,,0
3109,'1444017',1901,,129,3,,,0
3109,'1444043',901,,130,3,,,0
3109,'1444183',1601,,131,3,,,0
3109,'1444283',1601,,132,3,,,0
3109,'1444351',1101,,133,3,,,0
3109,'1444464',1701,,134,3,,,0
3109,'1444532',831,,135,3,,,0
3109,'1444569',1631,,136,3,,,0
3109,'1444582',731,,137,3,,,0
3109,'1444595',631,,138,3,,,0
3109,'1444704',1901,,139,3,,,0
3109,'1444711',1701,,140,3,,,0
