7019,'1442686',2136,,31,8,0,5 15,0
7019,'1443170',2036,,32,8,0,5 15,0
7019,'1443421',2036,,33,8,0,5 15,0
7019,'1444160',1936,,34,8,0,5 15,0
7019,'1444518',1936,,35,8,0,5 15,0
7019,'1444604',2136,,36,8,0,5 15,0
76000019,'1442746',1005,,364,8,0,14,0
76000019,'1442836',1135,,365,8,0,14,0
76000019,'1442868',1235,,366,8,0,14,0
76000019,'1442936',1435,,367,8,0,14,0
76000019,'1442948',1305,,368,8,0,14,0
76000019,'1442960',1105,,369,8,0,14,0
76000019,'1443166',1505,,370,8,0,14,0
76000019,'1443237',1605,,371,8,0,14,0
76000019,'1443568',1635,,372,8,0,14,0
76000019,'1443930',1705,,373,8,0,14,0
76000019,'1444078',1205,,374,8,0,14,0
76000019,'1444147',1735,,375,8,0,14,0
76000019,'1444253',1035,,376,8,0,14,0
76000019,'1444707',1535,,377,8,0,14,0
