37019,'1481156',708,,179,50,,,0
37019,'1481157',738,,180,50,,,0
37019,'1481158',808,,181,50,,,0
37019,'1481159',838,,182,50,,,0
37019,'1481160',908,,183,50,,,0
37019,'1481161',938,,184,50,,,0
37019,'1481162',1008,,185,50,,,0
37019,'1481163',1038,,186,50,,,0
37019,'1481164',1108,,187,50,,,0
37019,'1481165',1138,,188,50,,,0
37019,'1481166',1208,,189,50,,,0
37019,'1481167',1238,,190,50,,,0
37019,'1481168',1308,,191,50,,,0
37019,'1481169',1338,,192,50,,,0
37019,'1481170',1408,,193,50,,,0
37019,'1481171',1438,,194,50,,,0
37019,'1481172',1508,,195,50,,,0
37019,'1481173',1538,,196,50,,,0
37019,'1481174',1608,,197,50,,,0
37019,'1481175',1638,,198,50,,,0
37019,'1481176',1708,,199,50,,,0
37019,'1481177',1738,,200,50,,,0
37019,'1481178',1808,,201,50,,,0
37019,'1481179',1838,,202,50,,,0
37019,'1481180',1908,,203,50,,,0
37019,'1481181',1938,,204,50,,,0
37019,'1481241',711,,205,50,,,0
37019,'1481242',741,,206,50,,,0
37019,'1481243',811,,207,50,,,0
37019,'1481244',841,,208,50,,,0
37019,'1481245',911,,209,50,,,0
37019,'1481246',941,,210,50,,,0
37019,'1481247',1011,,211,50,,,0
37019,'1481248',1041,,212,50,,,0
37019,'1481249',1111,,213,50,,,0
37019,'1481250',1141,,214,50,,,0
37019,'1481251',1211,,215,50,,,0
37019,'1481252',1241,,216,50,,,0
37019,'1481253',1311,,217,50,,,0
37019,'1481254',1341,,218,50,,,0
37019,'1481255',1411,,219,50,,,0
37019,'1481256',1441,,220,50,,,0
37019,'1481257',1511,,221,50,,,0
37019,'1481258',1541,,222,50,,,0
37019,'1481259',1611,,223,50,,,0
37019,'1481260',1641,,224,50,,,0
37019,'1481261',1711,,225,50,,,0
37019,'1481262',1741,,226,50,,,0
37019,'1481263',1811,,227,50,,,0
37019,'1481264',1841,,228,50,,,0
37019,'1481265',1911,,229,50,,,0
37019,'1481266',1941,,230,50,,,0
901029,'1481215',2308,,303,45,,,0
901029,'1481216',2208,,304,45,,,0
901029,'1481217',2108,,305,45,,,0
901029,'1481218',2008,,306,45,,,0
901029,'1481231',908,,318,45,,,0
901029,'1481232',1008,,319,45,,,0
901029,'1481233',1108,,320,45,,,0
901029,'1481234',1208,,321,45,,,0
901029,'1481235',1308,,322,45,,,0
901029,'1481236',1408,,323,45,,,0
901029,'1481237',1508,,324,45,,,0
901029,'1481238',1608,,325,45,,,0
901029,'1481239',1708,,326,45,,,0
901029,'1481240',1808,,327,45,,,0
901029,'1481300',2312,,332,45,,,0
901029,'1481301',2212,,333,45,,,0
901029,'1481302',2112,,334,45,,,0
901029,'1481303',2012,,335,45,,,0
