909,'1442574',1350,,37,31,,,0
909,'1442601',1450,,38,31,,,0
909,'1442683',1250,,39,31,,,0
909,'1442720',750,,40,31,,,0
909,'1442725',1350,,41,31,,,0
909,'1442740',1550,,42,31,,,0
909,'1442981',1550,,43,31,,,0
909,'1443060',1050,,44,31,,,0
909,'1443114',850,,45,31,,,0
909,'1443507',750,,46,31,,,0
909,'1443572',1850,,47,31,,,0
909,'1443665',850,,48,31,,,0
909,'1443760',1450,,49,31,,,0
909,'1444093',950,,50,31,,,0
909,'1444114',1650,,51,31,,,0
909,'1444140',1650,,52,31,,,0
909,'1444157',1750,,53,31,,,0
909,'1444177',650,,54,31,,,0
909,'1444202',950,,55,31,,,0
909,'1444275',1150,,56,31,,,0
909,'1444286',650,,57,31,,,0
909,'1444316',1750,,58,31,,,0
909,'1444336',1050,,59,31,,,0
909,'1444355',1250,,60,31,,,0
909,'1444529',1850,,61,31,,,0
909,'1444681',1150,,62,31,,,0
1609,'1442759',1221,,63,52,0,5,0
1609,'1442908',1721,,64,52,0,5,0
1609,'1443382',1621,,65,52,0,5,0
1609,'1443639',1021,,66,52,0,5,0
1609,'1443689',1921,,67,52,0,5,0
1609,'1443695',1121,,68,52,0,5,0
1609,'1443794',1321,,69,52,0,5,0
1609,'1443910',1521,,70,52,0,5,0
1609,'1443990',1421,,71,52,0,5,0
1609,'1444348',1821,,72,52,0,5,0
1609,'1444457',921,,73,52,0,5,0
1609,'1444527',821,,74,52,0,5,0
1609,'1444699',721,,75,52,0,5,0
1609,'1471644',721,,76,54,0,6 7,0
1609,'1471645',821,,77,54,0,6 7,0
1609,'1471646',921,,78,54,0,6 7,0
1609,'1471647',1021,,79,54,0,6 7,0
1609,'1471648',1121,,80,54,0,6 7,0
1609,'1471649',1221,,81,54,0,6 7,0
1609,'1471650',1321,,82,54,0,6 7,0
1609,'1471651',1421,,83,54,0,6 7,0
1609,'1471652',1521,,84,54,0,6 7,0
1609,'1471653',1621,,85,54,0,6 7,0
1609,'1471654',1721,,86,54,0,6 7,0
1609,'1471655',1821,,87,54,0,6 7,0
1609,'1471656',1921,,88,54,0,6 7,0
1609,'1471657',751,,89,54,0,6 7,0
1609,'1471658',851,,90,54,0,6 7,0
1609,'1471659',951,,91,54,0,6 7,0
1609,'1471660',1151,,92,55,0,8,0
1609,'1471661',1651,,93,54,0,6 7,0
1609,'1471662',1251,,94,55,0,8,0
1609,'1471663',1351,,95,55,0,8,0
1609,'1471664',1751,,96,54,0,6 7,0
1609,'1471665',1851,,97,54,0,6 7,0
1609,'1471666',1051,,98,55,0,8,0
1609,'1471667',1551,,99,54,0,6 7,0
1609,'1471668',1451,,100,55,0,8,0
90109,'1481211',2315,,299,52,0,6,0
90109,'1481212',2015,,300,52,0,6,0
90109,'1481213',2115,,301,52,0,6,0
90109,'1481214',2215,,302,52,0,6,0
90109,'1481220',915,,307,52,0,6,0
90109,'1481221',1015,,308,52,0,6,0
90109,'1481222',1115,,309,52,0,6,0
90109,'1481223',1215,,310,52,0,6,0
90109,'1481224',1315,,311,52,0,6,0
90109,'1481225',1415,,312,52,0,6,0
90109,'1481226',1515,,313,52,0,6,0
90109,'1481227',1615,,314,52,0,6,0
90109,'1481228',1715,,315,52,0,6,0
90109,'1481229',1815,,316,52,0,6,0
90109,'1481230',1915,,317,52,0,6,0
90109,'1481296',2323,,328,52,0,6,0
90109,'1481297',2023,,329,52,0,6,0
90109,'1481298',2123,,330,52,0,6,0
90109,'1481299',2223,,331,52,0,6,0
