909,'1442574',1337,,37,11,,,0
909,'1442601',1437,,38,11,,,0
909,'1442683',1237,,39,11,,,0
909,'1442720',737,,40,11,,,0
909,'1442725',1337,,41,11,,,0
909,'1442740',1537,,42,11,,,0
909,'1442981',1537,,43,11,,,0
909,'1443060',1037,,44,11,,,0
909,'1443114',837,,45,11,,,0
909,'1443507',737,,46,11,,,0
909,'1443572',1837,,47,11,,,0
909,'1443665',837,,48,11,,,0
909,'1443760',1437,,49,11,,,0
909,'1444093',937,,50,11,,,0
909,'1444114',1637,,51,11,,,0
909,'1444140',1637,,52,11,,,0
909,'1444157',1737,,53,11,,,0
909,'1444177',637,,54,11,,,0
909,'1444202',937,,55,11,,,0
909,'1444275',1137,,56,11,,,0
909,'1444286',637,,57,11,,,0
909,'1444316',1737,,58,11,,,0
909,'1444336',1037,,59,11,,,0
909,'1444355',1237,,60,11,,,0
909,'1444529',1837,,61,11,,,0
909,'1444681',1137,,62,11,,,0
1609,'1442759',1136,,63,9,0,5,0
1609,'1442908',1636,,64,9,0,5,0
1609,'1443382',1536,,65,9,0,5,0
1609,'1443639',936,,66,9,0,5,0
1609,'1443689',1836,,67,9,0,5,0
1609,'1443695',1036,,68,9,0,5,0
1609,'1443794',1236,,69,9,0,5,0
1609,'1443910',1436,,70,9,0,5,0
1609,'1443990',1336,,71,9,0,5,0
1609,'1444348',1736,,72,9,0,5,0
1609,'1444457',836,,73,9,0,5,0
1609,'1444527',736,,74,9,0,5,0
1609,'1444699',636,,75,9,0,5,0
1609,'1471644',636,,76,9,0,6 7,0
1609,'1471645',736,,77,9,0,6 7,0
1609,'1471646',836,,78,9,0,6 7,0
1609,'1471647',936,,79,9,0,6 7,0
1609,'1471648',1036,,80,9,0,6 7,0
1609,'1471649',1136,,81,9,0,6 7,0
1609,'1471650',1236,,82,9,0,6 7,0
1609,'1471651',1336,,83,9,0,6 7,0
1609,'1471652',1436,,84,9,0,6 7,0
1609,'1471653',1536,,85,9,0,6 7,0
1609,'1471654',1636,,86,9,0,6 7,0
1609,'1471655',1736,,87,9,0,6 7,0
1609,'1471656',1836,,88,9,0,6 7,0
1609,'1471657',706,,89,9,0,6 7,0
1609,'1471658',806,,90,9,0,6 7,0
1609,'1471659',906,,91,9,0,6 7,0
1609,'1471660',1106,,92,9,0,8,0
1609,'1471661',1606,,93,9,0,6 7,0
1609,'1471662',1206,,94,9,0,8,0
1609,'1471663',1306,,95,9,0,8,0
1609,'1471664',1706,,96,9,0,6 7,0
1609,'1471665',1806,,97,9,0,6 7,0
1609,'1471666',1006,,98,9,0,8,0
1609,'1471667',1506,,99,9,0,6 7,0
1609,'1471668',1406,,100,9,0,8,0
90109,'1481211',2234,,299,9,0,6,0
90109,'1481212',1934,,300,9,0,6,0
90109,'1481213',2034,,301,9,0,6,0
90109,'1481214',2134,,302,9,0,6,0
90109,'1481220',834,,307,9,0,6,0
90109,'1481221',934,,308,9,0,6,0
90109,'1481222',1034,,309,9,0,6,0
90109,'1481223',1134,,310,9,0,6,0
90109,'1481224',1234,,311,9,0,6,0
90109,'1481225',1334,,312,9,0,6,0
90109,'1481226',1434,,313,9,0,6,0
90109,'1481227',1534,,314,9,0,6,0
90109,'1481228',1634,,315,9,0,6,0
90109,'1481229',1734,,316,9,0,6,0
90109,'1481230',1834,,317,9,0,6,0
90109,'1481296',2234,,328,9,0,6,0
90109,'1481297',1934,,329,9,0,6,0
90109,'1481298',2034,,330,9,0,6,0
90109,'1481299',2134,,331,9,0,6,0
