901029,'1481215',2303,,303,39,,,0
901029,'1481216',2203,,304,39,,,0
901029,'1481217',2103,,305,39,,,0
901029,'1481218',2003,,306,39,,,0
901029,'1481231',903,,318,39,,,0
901029,'1481232',1003,,319,39,,,0
901029,'1481233',1103,,320,39,,,0
901029,'1481234',1203,,321,39,,,0
901029,'1481235',1303,,322,39,,,0
901029,'1481236',1403,,323,39,,,0
901029,'1481237',1503,,324,39,,,0
901029,'1481238',1603,,325,39,,,0
901029,'1481239',1703,,326,39,,,0
901029,'1481240',1803,,327,39,,,0
901029,'1481300',2305,,332,39,,,0
901029,'1481301',2205,,333,39,,,0
901029,'1481302',2105,,334,39,,,0
901029,'1481303',2005,,335,39,,,0
