3709,'1481156',714,,179,58,,,0
3709,'1481157',744,,180,58,,,0
3709,'1481158',814,,181,58,,,0
3709,'1481159',844,,182,58,,,0
3709,'1481160',914,,183,58,,,0
3709,'1481161',944,,184,58,,,0
3709,'1481162',1014,,185,58,,,0
3709,'1481163',1044,,186,58,,,0
3709,'1481164',1114,,187,58,,,0
3709,'1481165',1144,,188,58,,,0
3709,'1481166',1214,,189,58,,,0
3709,'1481167',1244,,190,58,,,0
3709,'1481168',1314,,191,58,,,0
3709,'1481169',1344,,192,58,,,0
3709,'1481170',1414,,193,58,,,0
3709,'1481171',1444,,194,58,,,0
3709,'1481172',1514,,195,58,,,0
3709,'1481173',1544,,196,58,,,0
3709,'1481174',1614,,197,58,,,0
3709,'1481175',1644,,198,58,,,0
3709,'1481176',1714,,199,58,,,0
3709,'1481177',1744,,200,58,,,0
3709,'1481178',1814,,201,58,,,0
3709,'1481179',1844,,202,58,,,0
3709,'1481180',1914,,203,58,,,0
3709,'1481181',1944,,204,58,,,0
3709,'1481241',717,,205,58,,,0
3709,'1481242',747,,206,58,,,0
3709,'1481243',817,,207,58,,,0
3709,'1481244',847,,208,58,,,0
3709,'1481245',917,,209,58,,,0
3709,'1481246',947,,210,58,,,0
3709,'1481247',1017,,211,58,,,0
3709,'1481248',1047,,212,58,,,0
3709,'1481249',1117,,213,58,,,0
3709,'1481250',1147,,214,58,,,0
3709,'1481251',1217,,215,58,,,0
3709,'1481252',1247,,216,58,,,0
3709,'1481253',1317,,217,58,,,0
3709,'1481254',1347,,218,58,,,0
3709,'1481255',1417,,219,58,,,0
3709,'1481256',1447,,220,58,,,0
3709,'1481257',1517,,221,58,,,0
3709,'1481258',1547,,222,58,,,0
3709,'1481259',1617,,223,58,,,0
3709,'1481260',1647,,224,58,,,0
3709,'1481261',1717,,225,58,,,0
3709,'1481262',1747,,226,58,,,0
3709,'1481263',1817,,227,58,,,0
3709,'1481264',1847,,228,58,,,0
3709,'1481265',1917,,229,58,,,0
3709,'1481266',1947,,230,58,,,0
