6019,'1481208',2213,,25,21,,,0
6019,'1481209',2113,,26,21,,,0
6019,'1481210',2013,,27,21,,,0
6019,'1481293',2213,,28,21,,,0
6019,'1481294',2113,,29,21,,,0
6019,'1481295',2013,,30,21,,,0
37019,'1481156',649,,179,21,,,0
37019,'1481157',719,,180,21,,,0
37019,'1481158',749,,181,21,,,0
37019,'1481159',819,,182,21,,,0
37019,'1481160',849,,183,21,,,0
37019,'1481161',919,,184,21,,,0
37019,'1481162',949,,185,21,,,0
37019,'1481163',1019,,186,21,,,0
37019,'1481164',1049,,187,21,,,0
37019,'1481165',1119,,188,21,,,0
37019,'1481166',1149,,189,21,,,0
37019,'1481167',1219,,190,21,,,0
37019,'1481168',1249,,191,21,,,0
37019,'1481169',1319,,192,21,,,0
37019,'1481170',1349,,193,21,,,0
37019,'1481171',1419,,194,21,,,0
37019,'1481172',1449,,195,21,,,0
37019,'1481173',1519,,196,21,,,0
37019,'1481174',1549,,197,21,,,0
37019,'1481175',1619,,198,21,,,0
37019,'1481176',1649,,199,21,,,0
37019,'1481177',1719,,200,21,,,0
37019,'1481178',1749,,201,21,,,0
37019,'1481179',1819,,202,21,,,0
37019,'1481180',1849,,203,21,,,0
37019,'1481181',1919,,204,21,,,0
37019,'1481241',649,,205,21,,,0
37019,'1481242',719,,206,21,,,0
37019,'1481243',749,,207,21,,,0
37019,'1481244',819,,208,21,,,0
37019,'1481245',849,,209,21,,,0
37019,'1481246',919,,210,21,,,0
37019,'1481247',949,,211,21,,,0
37019,'1481248',1019,,212,21,,,0
37019,'1481249',1049,,213,21,,,0
37019,'1481250',1119,,214,21,,,0
37019,'1481251',1149,,215,21,,,0
37019,'1481252',1219,,216,21,,,0
37019,'1481253',1249,,217,21,,,0
37019,'1481254',1319,,218,21,,,0
37019,'1481255',1349,,219,21,,,0
37019,'1481256',1419,,220,21,,,0
37019,'1481257',1449,,221,21,,,0
37019,'1481258',1519,,222,21,,,0
37019,'1481259',1549,,223,21,,,0
37019,'1481260',1619,,224,21,,,0
37019,'1481261',1649,,225,21,,,0
37019,'1481262',1719,,226,21,,,0
37019,'1481263',1749,,227,21,,,0
37019,'1481264',1819,,228,21,,,0
37019,'1481265',1849,,229,21,,,0
37019,'1481266',1919,,230,21,,,0
38019,'1481182',707,,231,49,,,0
38019,'1481183',737,,232,49,,,0
38019,'1481184',807,,233,49,,,0
38019,'1481185',837,,234,49,,,0
38019,'1481186',907,,235,49,,,0
38019,'1481187',937,,236,49,,,0
38019,'1481188',1007,,237,49,,,0
38019,'1481189',1037,,238,49,,,0
38019,'1481190',1107,,239,49,,,0
38019,'1481191',1137,,240,49,,,0
38019,'1481192',1207,,241,49,,,0
38019,'1481193',1237,,242,49,,,0
38019,'1481194',1307,,243,49,,,0
38019,'1481195',1337,,244,49,,,0
38019,'1481196',1407,,245,49,,,0
38019,'1481197',1437,,246,49,,,0
38019,'1481198',1507,,247,49,,,0
38019,'1481199',1537,,248,49,,,0
38019,'1481200',1607,,249,49,,,0
38019,'1481201',1637,,250,49,,,0
38019,'1481202',1707,,251,49,,,0
38019,'1481203',1737,,252,49,,,0
38019,'1481204',1807,,253,49,,,0
38019,'1481205',1837,,254,49,,,0
38019,'1481206',1907,,255,49,,,0
38019,'1481207',1937,,256,49,,,0
38019,'1481267',707,,257,49,,,0
38019,'1481268',737,,258,49,,,0
38019,'1481269',807,,259,49,,,0
38019,'1481270',837,,260,49,,,0
38019,'1481271',907,,261,49,,,0
38019,'1481272',937,,262,49,,,0
38019,'1481273',1007,,263,49,,,0
38019,'1481274',1037,,264,49,,,0
38019,'1481275',1107,,265,49,,,0
38019,'1481276',1137,,266,49,,,0
38019,'1481277',1207,,267,49,,,0
38019,'1481278',1237,,268,49,,,0
38019,'1481279',1307,,269,49,,,0
38019,'1481280',1337,,270,49,,,0
38019,'1481281',1407,,271,49,,,0
38019,'1481282',1437,,272,49,,,0
38019,'1481283',1507,,273,49,,,0
38019,'1481284',1537,,274,49,,,0
38019,'1481285',1607,,275,49,,,0
38019,'1481286',1637,,276,49,,,0
38019,'1481287',1707,,277,49,,,0
38019,'1481288',1737,,278,49,,,0
38019,'1481289',1807,,279,49,,,0
38019,'1481290',1837,,280,49,,,0
38019,'1481291',1911,,281,49,,,0
38019,'1481292',1941,,282,49,,,0
901029,'1481215',2300,,303,35,,,0
901029,'1481216',2200,,304,35,,,0
901029,'1481217',2100,,305,35,,,0
901029,'1481218',2000,,306,35,,,0
901029,'1481231',900,,318,35,,,0
901029,'1481232',1000,,319,35,,,0
901029,'1481233',1100,,320,35,,,0
901029,'1481234',1200,,321,35,,,0
901029,'1481235',1300,,322,35,,,0
901029,'1481236',1400,,323,35,,,0
901029,'1481237',1500,,324,35,,,0
901029,'1481238',1600,,325,35,,,0
901029,'1481239',1700,,326,35,,,0
901029,'1481240',1800,,327,35,,,0
901029,'1481300',2300,,332,35,,,0
901029,'1481301',2200,,333,35,,,0
901029,'1481302',2100,,334,35,,,0
901029,'1481303',2000,,335,35,,,0
