909,'1442574',1331,,37,2,,,0
909,'1442601',1431,,38,2,,,0
909,'1442683',1231,,39,2,,,0
909,'1442720',731,,40,2,,,0
909,'1442725',1331,,41,2,,,0
909,'1442740',1531,,42,2,,,0
909,'1442981',1531,,43,2,,,0
909,'1443060',1031,,44,2,,,0
909,'1443114',831,,45,2,,,0
909,'1443507',731,,46,2,,,0
909,'1443572',1831,,47,2,,,0
909,'1443665',831,,48,2,,,0
909,'1443760',1431,,49,2,,,0
909,'1444093',931,,50,2,,,0
909,'1444114',1631,,51,2,,,0
909,'1444140',1631,,52,2,,,0
909,'1444157',1731,,53,2,,,0
909,'1444177',631,,54,2,,,0
909,'1444202',931,,55,2,,,0
909,'1444275',1131,,56,2,,,0
909,'1444286',631,,57,2,,,0
909,'1444316',1731,,58,2,,,0
909,'1444336',1031,,59,2,,,0
909,'1444355',1231,,60,2,,,0
909,'1444529',1831,,61,2,,,0
909,'1444681',1131,,62,2,,,0
