38019,'1481182',637,,231,7,,,0
38019,'1481183',707,,232,7,,,0
38019,'1481184',737,,233,7,,,0
38019,'1481185',807,,234,7,,,0
38019,'1481186',837,,235,7,,,0
38019,'1481187',907,,236,7,,,0
38019,'1481188',937,,237,7,,,0
38019,'1481189',1007,,238,7,,,0
38019,'1481190',1037,,239,7,,,0
38019,'1481191',1107,,240,7,,,0
38019,'1481192',1137,,241,7,,,0
38019,'1481193',1207,,242,7,,,0
38019,'1481194',1237,,243,7,,,0
38019,'1481195',1307,,244,7,,,0
38019,'1481196',1337,,245,7,,,0
38019,'1481197',1407,,246,7,,,0
38019,'1481198',1437,,247,7,,,0
38019,'1481199',1507,,248,7,,,0
38019,'1481200',1537,,249,7,,,0
38019,'1481201',1607,,250,7,,,0
38019,'1481202',1637,,251,7,,,0
38019,'1481203',1707,,252,7,,,0
38019,'1481204',1737,,253,7,,,0
38019,'1481205',1807,,254,7,,,0
38019,'1481206',1837,,255,7,,,0
38019,'1481207',1907,,256,7,,,0
38019,'1481267',637,,257,7,,,0
38019,'1481268',707,,258,7,,,0
38019,'1481269',737,,259,7,,,0
38019,'1481270',807,,260,7,,,0
38019,'1481271',837,,261,7,,,0
38019,'1481272',907,,262,7,,,0
38019,'1481273',937,,263,7,,,0
38019,'1481274',1007,,264,7,,,0
38019,'1481275',1037,,265,7,,,0
38019,'1481276',1107,,266,7,,,0
38019,'1481277',1137,,267,7,,,0
38019,'1481278',1207,,268,7,,,0
38019,'1481279',1237,,269,7,,,0
38019,'1481280',1307,,270,7,,,0
38019,'1481281',1337,,271,7,,,0
38019,'1481282',1407,,272,7,,,0
38019,'1481283',1437,,273,7,,,0
38019,'1481284',1507,,274,7,,,0
38019,'1481285',1537,,275,7,,,0
38019,'1481286',1607,,276,7,,,0
38019,'1481287',1637,,277,7,,,0
38019,'1481288',1707,,278,7,,,0
38019,'1481289',1737,,279,7,,,0
38019,'1481290',1807,,280,7,,,0
38019,'1481291',1837,,281,7,,,0
38019,'1481292',1907,,282,7,,,0
