38019,'1481182',650,,231,23,,,0
38019,'1481183',720,,232,23,,,0
38019,'1481184',750,,233,23,,,0
38019,'1481185',820,,234,23,,,0
38019,'1481186',850,,235,23,,,0
38019,'1481187',920,,236,23,,,0
38019,'1481188',950,,237,23,,,0
38019,'1481189',1020,,238,23,,,0
38019,'1481190',1050,,239,23,,,0
38019,'1481191',1120,,240,23,,,0
38019,'1481192',1150,,241,23,,,0
38019,'1481193',1220,,242,23,,,0
38019,'1481194',1250,,243,23,,,0
38019,'1481195',1320,,244,23,,,0
38019,'1481196',1350,,245,23,,,0
38019,'1481197',1420,,246,23,,,0
38019,'1481198',1450,,247,23,,,0
38019,'1481199',1520,,248,23,,,0
38019,'1481200',1550,,249,23,,,0
38019,'1481201',1620,,250,23,,,0
38019,'1481202',1650,,251,23,,,0
38019,'1481203',1720,,252,23,,,0
38019,'1481204',1750,,253,23,,,0
38019,'1481205',1820,,254,23,,,0
38019,'1481206',1850,,255,23,,,0
38019,'1481207',1920,,256,23,,,0
38019,'1481267',650,,257,23,,,0
38019,'1481268',720,,258,23,,,0
38019,'1481269',750,,259,23,,,0
38019,'1481270',820,,260,23,,,0
38019,'1481271',850,,261,23,,,0
38019,'1481272',920,,262,23,,,0
38019,'1481273',950,,263,23,,,0
38019,'1481274',1020,,264,23,,,0
38019,'1481275',1050,,265,23,,,0
38019,'1481276',1120,,266,23,,,0
38019,'1481277',1150,,267,23,,,0
38019,'1481278',1220,,268,23,,,0
38019,'1481279',1250,,269,23,,,0
38019,'1481280',1320,,270,23,,,0
38019,'1481281',1350,,271,23,,,0
38019,'1481282',1420,,272,23,,,0
38019,'1481283',1450,,273,23,,,0
38019,'1481284',1520,,274,23,,,0
38019,'1481285',1550,,275,23,,,0
38019,'1481286',1620,,276,23,,,0
38019,'1481287',1650,,277,23,,,0
38019,'1481288',1720,,278,23,,,0
38019,'1481289',1750,,279,23,,,0
38019,'1481290',1820,,280,23,,,0
38019,'1481291',1850,,281,23,,,0
38019,'1481292',1920,,282,23,,,0
