901029,'1481215',2230,,303,1,,,0,92,,303,59,4,,0
901029,'1481216',2130,,304,1,,,0,92,,304,59,4,,0
901029,'1481217',2030,,305,1,,,0,92,,305,59,4,,0
901029,'1481218',1930,,306,1,,,0,92,,306,59,4,,0
901029,'1481231',830,,318,1,,,0,92,,318,59,4,,0
901029,'1481232',930,,319,1,,,0,92,,319,59,4,,0
901029,'1481233',1030,,320,1,,,0,92,,320,59,4,,0
901029,'1481234',1130,,321,1,,,0,92,,321,59,4,,0
901029,'1481235',1230,,322,1,,,0,92,,322,59,4,,0
901029,'1481236',1330,,323,1,,,0,92,,323,59,4,,0
901029,'1481237',1430,,324,1,,,0,92,,324,59,4,,0
901029,'1481238',1530,,325,1,,,0,92,,325,59,4,,0
901029,'1481239',1630,,326,1,,,0,92,,326,59,4,,0
901029,'1481240',1730,,327,1,,,0,92,,327,59,4,,0
901029,'1481300',2230,,332,1,,,0,95,,332,59,4,,0
901029,'1481301',2130,,333,1,,,0,95,,333,59,4,,0
901029,'1481302',2030,,334,1,,,0,95,,334,59,4,,0
901029,'1481303',1930,,335,1,,,0,95,,335,59,4,,0
