3709,'1481156',706,,179,46,,,0
3709,'1481157',736,,180,46,,,0
3709,'1481158',806,,181,46,,,0
3709,'1481159',836,,182,46,,,0
3709,'1481160',906,,183,46,,,0
3709,'1481161',936,,184,46,,,0
3709,'1481162',1006,,185,46,,,0
3709,'1481163',1036,,186,46,,,0
3709,'1481164',1106,,187,46,,,0
3709,'1481165',1136,,188,46,,,0
3709,'1481166',1206,,189,46,,,0
3709,'1481167',1236,,190,46,,,0
3709,'1481168',1306,,191,46,,,0
3709,'1481169',1336,,192,46,,,0
3709,'1481170',1406,,193,46,,,0
3709,'1481171',1436,,194,46,,,0
3709,'1481172',1506,,195,46,,,0
3709,'1481173',1536,,196,46,,,0
3709,'1481174',1606,,197,46,,,0
3709,'1481175',1636,,198,46,,,0
3709,'1481176',1706,,199,46,,,0
3709,'1481177',1736,,200,46,,,0
3709,'1481178',1806,,201,46,,,0
3709,'1481179',1836,,202,46,,,0
3709,'1481180',1906,,203,46,,,0
3709,'1481181',1936,,204,46,,,0
3709,'1481241',706,,205,46,,,0
3709,'1481242',736,,206,46,,,0
3709,'1481243',806,,207,46,,,0
3709,'1481244',836,,208,46,,,0
3709,'1481245',906,,209,46,,,0
3709,'1481246',936,,210,46,,,0
3709,'1481247',1006,,211,46,,,0
3709,'1481248',1036,,212,46,,,0
3709,'1481249',1106,,213,46,,,0
3709,'1481250',1136,,214,46,,,0
3709,'1481251',1206,,215,46,,,0
3709,'1481252',1236,,216,46,,,0
3709,'1481253',1306,,217,46,,,0
3709,'1481254',1336,,218,46,,,0
3709,'1481255',1406,,219,46,,,0
3709,'1481256',1436,,220,46,,,0
3709,'1481257',1506,,221,46,,,0
3709,'1481258',1536,,222,46,,,0
3709,'1481259',1606,,223,46,,,0
3709,'1481260',1636,,224,46,,,0
3709,'1481261',1706,,225,46,,,0
3709,'1481262',1736,,226,46,,,0
3709,'1481263',1806,,227,46,,,0
3709,'1481264',1836,,228,46,,,0
3709,'1481265',1906,,229,46,,,0
3709,'1481266',1936,,230,46,,,0
90109,'1481215',2305,,303,41,0,11 12,0
90109,'1481216',2205,,304,41,0,11 12,0
90109,'1481217',2105,,305,41,0,11 12,0
90109,'1481218',2005,,306,41,0,11 12,0
90109,'1481231',905,,318,41,0,11 12,0
90109,'1481232',1005,,319,41,0,11 12,0
90109,'1481233',1105,,320,41,0,11 12,0
90109,'1481234',1205,,321,41,0,11 12,0
90109,'1481235',1305,,322,41,0,11 12,0
90109,'1481236',1405,,323,41,0,11 12,0
90109,'1481237',1505,,324,41,0,11 12,0
90109,'1481238',1605,,325,41,0,11 12,0
90109,'1481239',1705,,326,41,0,11 12,0
90109,'1481240',1805,,327,41,0,11 12,0
90109,'1481300',2309,,332,41,0,11 12,0
90109,'1481301',2209,,333,41,0,11 12,0
90109,'1481302',2109,,334,41,0,11 12,0
90109,'1481303',2009,,335,41,0,11 12,0
