909,'1442574',1343,,37,21,,,0
909,'1442601',1443,,38,21,,,0
909,'1442683',1243,,39,21,,,0
909,'1442720',743,,40,21,,,0
909,'1442725',1343,,41,21,,,0
909,'1442740',1543,,42,21,,,0
909,'1442981',1543,,43,21,,,0
909,'1443060',1043,,44,21,,,0
909,'1443114',843,,45,21,,,0
909,'1443507',743,,46,21,,,0
909,'1443572',1843,,47,21,,,0
909,'1443665',843,,48,21,,,0
909,'1443760',1443,,49,21,,,0
909,'1444093',943,,50,21,,,0
909,'1444114',1643,,51,21,,,0
909,'1444140',1643,,52,21,,,0
909,'1444157',1743,,53,21,,,0
909,'1444177',643,,54,21,,,0
909,'1444202',943,,55,21,,,0
909,'1444275',1143,,56,21,,,0
909,'1444286',643,,57,21,,,0
909,'1444316',1743,,58,21,,,0
909,'1444336',1043,,59,21,,,0
909,'1444355',1243,,60,21,,,0
909,'1444529',1843,,61,21,,,0
909,'1444681',1143,,62,21,,,0
