38019,'1481182',657,,231,37,,,0
38019,'1481183',727,,232,37,,,0
38019,'1481184',757,,233,37,,,0
38019,'1481185',827,,234,37,,,0
38019,'1481186',857,,235,37,,,0
38019,'1481187',927,,236,37,,,0
38019,'1481188',957,,237,37,,,0
38019,'1481189',1027,,238,37,,,0
38019,'1481190',1057,,239,37,,,0
38019,'1481191',1127,,240,37,,,0
38019,'1481192',1157,,241,37,,,0
38019,'1481193',1227,,242,37,,,0
38019,'1481194',1257,,243,37,,,0
38019,'1481195',1327,,244,37,,,0
38019,'1481196',1357,,245,37,,,0
38019,'1481197',1427,,246,37,,,0
38019,'1481198',1457,,247,37,,,0
38019,'1481199',1527,,248,37,,,0
38019,'1481200',1557,,249,37,,,0
38019,'1481201',1627,,250,37,,,0
38019,'1481202',1657,,251,37,,,0
38019,'1481203',1727,,252,37,,,0
38019,'1481204',1757,,253,37,,,0
38019,'1481205',1827,,254,37,,,0
38019,'1481206',1857,,255,37,,,0
38019,'1481207',1927,,256,37,,,0
38019,'1481267',657,,257,37,,,0
38019,'1481268',727,,258,37,,,0
38019,'1481269',757,,259,37,,,0
38019,'1481270',827,,260,37,,,0
38019,'1481271',857,,261,37,,,0
38019,'1481272',927,,262,37,,,0
38019,'1481273',957,,263,37,,,0
38019,'1481274',1027,,264,37,,,0
38019,'1481275',1057,,265,37,,,0
38019,'1481276',1127,,266,37,,,0
38019,'1481277',1157,,267,37,,,0
38019,'1481278',1227,,268,37,,,0
38019,'1481279',1257,,269,37,,,0
38019,'1481280',1327,,270,37,,,0
38019,'1481281',1357,,271,37,,,0
38019,'1481282',1427,,272,37,,,0
38019,'1481283',1457,,273,37,,,0
38019,'1481284',1527,,274,37,,,0
38019,'1481285',1557,,275,37,,,0
38019,'1481286',1627,,276,37,,,0
38019,'1481287',1657,,277,37,,,0
38019,'1481288',1727,,278,37,,,0
38019,'1481289',1757,,279,37,,,0
38019,'1481290',1827,,280,37,,,0
38019,'1481291',1857,,281,37,,,0
38019,'1481292',1927,,282,37,,,0
