3709,'1481156',701,,179,44,,,0
3709,'1481157',731,,180,44,,,0
3709,'1481158',801,,181,44,,,0
3709,'1481159',831,,182,44,,,0
3709,'1481160',901,,183,44,,,0
3709,'1481161',931,,184,44,,,0
3709,'1481162',1001,,185,44,,,0
3709,'1481163',1031,,186,44,,,0
3709,'1481164',1101,,187,44,,,0
3709,'1481165',1131,,188,44,,,0
3709,'1481166',1201,,189,44,,,0
3709,'1481167',1231,,190,44,,,0
3709,'1481168',1301,,191,44,,,0
3709,'1481169',1331,,192,44,,,0
3709,'1481170',1401,,193,44,,,0
3709,'1481171',1431,,194,44,,,0
3709,'1481172',1501,,195,44,,,0
3709,'1481173',1531,,196,44,,,0
3709,'1481174',1601,,197,44,,,0
3709,'1481175',1631,,198,44,,,0
3709,'1481176',1701,,199,44,,,0
3709,'1481177',1731,,200,44,,,0
3709,'1481178',1801,,201,44,,,0
3709,'1481179',1831,,202,44,,,0
3709,'1481180',1901,,203,44,,,0
3709,'1481181',1931,,204,44,,,0
3709,'1481241',701,,205,44,,,0
3709,'1481242',731,,206,44,,,0
3709,'1481243',801,,207,44,,,0
3709,'1481244',831,,208,44,,,0
3709,'1481245',901,,209,44,,,0
3709,'1481246',931,,210,44,,,0
3709,'1481247',1001,,211,44,,,0
3709,'1481248',1031,,212,44,,,0
3709,'1481249',1101,,213,44,,,0
3709,'1481250',1131,,214,44,,,0
3709,'1481251',1201,,215,44,,,0
3709,'1481252',1231,,216,44,,,0
3709,'1481253',1301,,217,44,,,0
3709,'1481254',1331,,218,44,,,0
3709,'1481255',1401,,219,44,,,0
3709,'1481256',1431,,220,44,,,0
3709,'1481257',1501,,221,44,,,0
3709,'1481258',1531,,222,44,,,0
3709,'1481259',1601,,223,44,,,0
3709,'1481260',1631,,224,44,,,0
3709,'1481261',1701,,225,44,,,0
3709,'1481262',1731,,226,44,,,0
3709,'1481263',1801,,227,44,,,0
3709,'1481264',1831,,228,44,,,0
3709,'1481265',1901,,229,44,,,0
3709,'1481266',1931,,230,44,,,0
