1609,'1442759',1200,,63,32,0,5,0
1609,'1442908',1700,,64,32,0,5,0
1609,'1443382',1600,,65,32,0,5,0
1609,'1443639',1000,,66,32,0,5,0
1609,'1443689',1900,,67,32,0,5,0
1609,'1443695',1100,,68,32,0,5,0
1609,'1443794',1300,,69,32,0,5,0
1609,'1443910',1500,,70,32,0,5,0
1609,'1443990',1400,,71,32,0,5,0
1609,'1444348',1800,,72,32,0,5,0
1609,'1444457',900,,73,32,0,5,0
1609,'1444527',800,,74,32,0,5,0
1609,'1444699',700,,75,32,0,5,0
1609,'1471644',700,,76,33,0,6 7,0
1609,'1471645',800,,77,33,0,6 7,0
1609,'1471646',900,,78,33,0,6 7,0
1609,'1471647',1000,,79,33,0,6 7,0
1609,'1471648',1100,,80,33,0,6 7,0
1609,'1471649',1200,,81,33,0,6 7,0
1609,'1471650',1300,,82,33,0,6 7,0
1609,'1471651',1400,,83,33,0,6 7,0
1609,'1471652',1500,,84,33,0,6 7,0
1609,'1471653',1600,,85,33,0,6 7,0
1609,'1471654',1700,,86,33,0,6 7,0
1609,'1471655',1800,,87,33,0,6 7,0
1609,'1471656',1900,,88,33,0,6 7,0
1609,'1471657',730,,89,33,0,6 7,0
1609,'1471658',830,,90,33,0,6 7,0
1609,'1471659',930,,91,33,0,6 7,0
1609,'1471660',1130,,92,34,0,8,0
1609,'1471661',1630,,93,33,0,6 7,0
1609,'1471662',1230,,94,34,0,8,0
1609,'1471663',1330,,95,34,0,8,0
1609,'1471664',1730,,96,33,0,6 7,0
1609,'1471665',1830,,97,33,0,6 7,0
1609,'1471666',1030,,98,34,0,8,0
1609,'1471667',1530,,99,33,0,6 7,0
1609,'1471668',1430,,100,34,0,8,0
90109,'1481211',2254,,299,32,0,6,0
90109,'1481212',1954,,300,32,0,6,0
90109,'1481213',2054,,301,32,0,6,0
90109,'1481214',2154,,302,32,0,6,0
90109,'1481220',854,,307,32,0,6,0
90109,'1481221',954,,308,32,0,6,0
90109,'1481222',1054,,309,32,0,6,0
90109,'1481223',1154,,310,32,0,6,0
90109,'1481224',1254,,311,32,0,6,0
90109,'1481225',1354,,312,32,0,6,0
90109,'1481226',1454,,313,32,0,6,0
90109,'1481227',1554,,314,32,0,6,0
90109,'1481228',1654,,315,32,0,6,0
90109,'1481229',1754,,316,32,0,6,0
90109,'1481230',1854,,317,32,0,6,0
90109,'1481296',2302,,328,32,0,6,0
90109,'1481297',2002,,329,32,0,6,0
90109,'1481298',2102,,330,32,0,6,0
90109,'1481299',2202,,331,32,0,6,0
