1609,'1442759',1150,,63,21,0,5,0
1609,'1442908',1650,,64,21,0,5,0
1609,'1443382',1550,,65,21,0,5,0
1609,'1443639',950,,66,21,0,5,0
1609,'1443689',1850,,67,21,0,5,0
1609,'1443695',1050,,68,21,0,5,0
1609,'1443794',1250,,69,21,0,5,0
1609,'1443910',1450,,70,21,0,5,0
1609,'1443990',1350,,71,21,0,5,0
1609,'1444348',1750,,72,21,0,5,0
1609,'1444457',850,,73,21,0,5,0
1609,'1444527',750,,74,21,0,5,0
1609,'1444699',650,,75,21,0,5,0
1609,'1471644',650,,76,21,0,6 7,0
1609,'1471645',750,,77,21,0,6 7,0
1609,'1471646',850,,78,21,0,6 7,0
1609,'1471647',950,,79,21,0,6 7,0
1609,'1471648',1050,,80,21,0,6 7,0
1609,'1471649',1150,,81,21,0,6 7,0
1609,'1471650',1250,,82,21,0,6 7,0
1609,'1471651',1350,,83,21,0,6 7,0
1609,'1471652',1450,,84,21,0,6 7,0
1609,'1471653',1550,,85,21,0,6 7,0
1609,'1471654',1650,,86,21,0,6 7,0
1609,'1471655',1750,,87,21,0,6 7,0
1609,'1471656',1850,,88,21,0,6 7,0
1609,'1471657',720,,89,21,0,6 7,0
1609,'1471658',820,,90,21,0,6 7,0
1609,'1471659',920,,91,21,0,6 7,0
1609,'1471660',1120,,92,22,0,8,0
1609,'1471661',1620,,93,21,0,6 7,0
1609,'1471662',1220,,94,22,0,8,0
1609,'1471663',1320,,95,22,0,8,0
1609,'1471664',1720,,96,21,0,6 7,0
1609,'1471665',1820,,97,21,0,6 7,0
1609,'1471666',1020,,98,22,0,8,0
1609,'1471667',1520,,99,21,0,6 7,0
1609,'1471668',1420,,100,22,0,8,0
90109,'1481211',2247,,299,21,0,6,0
90109,'1481212',1947,,300,21,0,6,0
90109,'1481213',2047,,301,21,0,6,0
90109,'1481214',2147,,302,21,0,6,0
90109,'1481220',847,,307,21,0,6,0
90109,'1481221',947,,308,21,0,6,0
90109,'1481222',1047,,309,21,0,6,0
90109,'1481223',1147,,310,21,0,6,0
90109,'1481224',1247,,311,21,0,6,0
90109,'1481225',1347,,312,21,0,6,0
90109,'1481226',1447,,313,21,0,6,0
90109,'1481227',1547,,314,21,0,6,0
90109,'1481228',1647,,315,21,0,6,0
90109,'1481229',1747,,316,21,0,6,0
90109,'1481230',1847,,317,21,0,6,0
90109,'1481296',2248,,328,21,0,6,0
90109,'1481297',1948,,329,21,0,6,0
90109,'1481298',2048,,330,21,0,6,0
90109,'1481299',2148,,331,21,0,6,0
