38019,'1481182',634,,231,4,,,0
38019,'1481183',704,,232,4,,,0
38019,'1481184',734,,233,4,,,0
38019,'1481185',804,,234,4,,,0
38019,'1481186',834,,235,4,,,0
38019,'1481187',904,,236,4,,,0
38019,'1481188',934,,237,4,,,0
38019,'1481189',1004,,238,4,,,0
38019,'1481190',1034,,239,4,,,0
38019,'1481191',1104,,240,4,,,0
38019,'1481192',1134,,241,4,,,0
38019,'1481193',1204,,242,4,,,0
38019,'1481194',1234,,243,4,,,0
38019,'1481195',1304,,244,4,,,0
38019,'1481196',1334,,245,4,,,0
38019,'1481197',1404,,246,4,,,0
38019,'1481198',1434,,247,4,,,0
38019,'1481199',1504,,248,4,,,0
38019,'1481200',1534,,249,4,,,0
38019,'1481201',1604,,250,4,,,0
38019,'1481202',1634,,251,4,,,0
38019,'1481203',1704,,252,4,,,0
38019,'1481204',1734,,253,4,,,0
38019,'1481205',1804,,254,4,,,0
38019,'1481206',1834,,255,4,,,0
38019,'1481207',1904,,256,4,,,0
38019,'1481267',634,,257,4,,,0
38019,'1481268',704,,258,4,,,0
38019,'1481269',734,,259,4,,,0
38019,'1481270',804,,260,4,,,0
38019,'1481271',834,,261,4,,,0
38019,'1481272',904,,262,4,,,0
38019,'1481273',934,,263,4,,,0
38019,'1481274',1004,,264,4,,,0
38019,'1481275',1034,,265,4,,,0
38019,'1481276',1104,,266,4,,,0
38019,'1481277',1134,,267,4,,,0
38019,'1481278',1204,,268,4,,,0
38019,'1481279',1234,,269,4,,,0
38019,'1481280',1304,,270,4,,,0
38019,'1481281',1334,,271,4,,,0
38019,'1481282',1404,,272,4,,,0
38019,'1481283',1434,,273,4,,,0
38019,'1481284',1504,,274,4,,,0
38019,'1481285',1534,,275,4,,,0
38019,'1481286',1604,,276,4,,,0
38019,'1481287',1634,,277,4,,,0
38019,'1481288',1704,,278,4,,,0
38019,'1481289',1734,,279,4,,,0
38019,'1481290',1804,,280,4,,,0
38019,'1481291',1834,,281,4,,,0
38019,'1481292',1904,,282,4,,,0
901029,'1481215',2233,,303,4,,,0
901029,'1481216',2133,,304,4,,,0
901029,'1481217',2033,,305,4,,,0
901029,'1481218',1933,,306,4,,,0
901029,'1481231',833,,318,4,,,0
901029,'1481232',933,,319,4,,,0
901029,'1481233',1033,,320,4,,,0
901029,'1481234',1133,,321,4,,,0
901029,'1481235',1233,,322,4,,,0
901029,'1481236',1333,,323,4,,,0
901029,'1481237',1433,,324,4,,,0
901029,'1481238',1533,,325,4,,,0
901029,'1481239',1633,,326,4,,,0
901029,'1481240',1733,,327,4,,,0
901029,'1481300',2233,,332,4,,,0
901029,'1481301',2133,,333,4,,,0
901029,'1481302',2033,,334,4,,,0
901029,'1481303',1933,,335,4,,,0
