32019,'1442596',1822,,141,36,,,0
32019,'1442687',952,,142,36,,,0
32019,'1442754',652,,143,36,,,0
32019,'1442760',1422,,144,36,,,0
32019,'1442882',1752,,145,36,,,0
32019,'1442921',1352,,146,36,,,0
32019,'1442945',1552,,147,36,,,0
32019,'1443019',1052,,148,36,,,0
32019,'1443027',1752,,149,36,,,0
32019,'1443032',1152,,150,36,,,0
32019,'1443124',1022,,151,36,,,0
32019,'1443173',1722,,152,36,,,0
32019,'1443223',852,,153,36,,,0
32019,'1443230',752,,154,36,,,0
32019,'1443346',1222,,155,36,,,0
32019,'1443371',1652,,156,36,,,0
32019,'1443418',652,,157,36,,,0
32019,'1443451',1852,,158,36,,,0
32019,'1443460',1522,,159,36,,,0
32019,'1443559',1352,,160,36,,,0
32019,'1443566',1452,,161,36,,,0
32019,'1443666',952,,162,36,,,0
32019,'1443678',1452,,163,36,,,0
32019,'1443693',922,,164,36,,,0
32019,'1443729',1122,,165,36,,,0
32019,'1443750',1252,,166,36,,,0
32019,'1443756',722,,167,36,,,0
32019,'1443859',852,,168,36,,,0
32019,'1443893',1852,,169,36,,,0
32019,'1444067',1152,,170,36,,,0
32019,'1444076',752,,171,36,,,0
32019,'1444125',1322,,172,36,,,0
32019,'1444263',1052,,173,36,,,0
32019,'1444410',1622,,174,36,,,0
32019,'1444513',1252,,175,36,,,0
32019,'1444517',822,,176,36,,,0
32019,'1444645',1652,,177,36,,,0
32019,'1444700',1552,,178,36,,,0
902019,'1442632',2250,,337,36,,,0
902019,'1442824',2250,,338,36,,,0
902019,'1442866',1250,,339,36,,,0
902019,'1443008',1150,,340,36,,,0
902019,'1443149',1550,,341,36,,,0
902019,'1443169',2050,,342,36,,,0
902019,'1443298',2050,,344,36,,,0
902019,'1443323',1650,,345,36,,,0
902019,'1443365',1050,,347,36,,,0
902019,'1443389',1950,,348,36,,,0
902019,'1443612',2150,,349,36,,,0
902019,'1443718',1350,,351,36,,,0
902019,'1443721',2150,,352,36,,,0
902019,'1443889',1950,,355,36,,,0
902019,'1444136',950,,356,36,,,0
