3809,'1481182',647,,231,21,,,0
3809,'1481183',717,,232,21,,,0
3809,'1481184',747,,233,21,,,0
3809,'1481185',817,,234,21,,,0
3809,'1481186',847,,235,21,,,0
3809,'1481187',917,,236,21,,,0
3809,'1481188',947,,237,21,,,0
3809,'1481189',1017,,238,21,,,0
3809,'1481190',1047,,239,21,,,0
3809,'1481191',1117,,240,21,,,0
3809,'1481192',1147,,241,21,,,0
3809,'1481193',1217,,242,21,,,0
3809,'1481194',1247,,243,21,,,0
3809,'1481195',1317,,244,21,,,0
3809,'1481196',1347,,245,21,,,0
3809,'1481197',1417,,246,21,,,0
3809,'1481198',1447,,247,21,,,0
3809,'1481199',1517,,248,21,,,0
3809,'1481200',1547,,249,21,,,0
3809,'1481201',1617,,250,21,,,0
3809,'1481202',1647,,251,21,,,0
3809,'1481203',1717,,252,21,,,0
3809,'1481204',1747,,253,21,,,0
3809,'1481205',1817,,254,21,,,0
3809,'1481206',1847,,255,21,,,0
3809,'1481207',1917,,256,21,,,0
3809,'1481267',647,,257,21,,,0
3809,'1481268',717,,258,21,,,0
3809,'1481269',747,,259,21,,,0
3809,'1481270',817,,260,21,,,0
3809,'1481271',847,,261,21,,,0
3809,'1481272',917,,262,21,,,0
3809,'1481273',947,,263,21,,,0
3809,'1481274',1017,,264,21,,,0
3809,'1481275',1047,,265,21,,,0
3809,'1481276',1117,,266,21,,,0
3809,'1481277',1147,,267,21,,,0
3809,'1481278',1217,,268,21,,,0
3809,'1481279',1247,,269,21,,,0
3809,'1481280',1317,,270,21,,,0
3809,'1481281',1347,,271,21,,,0
3809,'1481282',1417,,272,21,,,0
3809,'1481283',1447,,273,21,,,0
3809,'1481284',1517,,274,21,,,0
3809,'1481285',1547,,275,21,,,0
3809,'1481286',1617,,276,21,,,0
3809,'1481287',1647,,277,21,,,0
3809,'1481288',1717,,278,21,,,0
3809,'1481289',1747,,279,21,,,0
3809,'1481290',1817,,280,21,,,0
3809,'1481291',1847,,281,21,,,0
3809,'1481292',1917,,282,21,,,0
90109,'1481215',2246,,303,23,0,11 12,0
90109,'1481216',2146,,304,23,0,11 12,0
90109,'1481217',2046,,305,23,0,11 12,0
90109,'1481218',1946,,306,23,0,11 12,0
90109,'1481231',846,,318,23,0,11 12,0
90109,'1481232',946,,319,23,0,11 12,0
90109,'1481233',1046,,320,23,0,11 12,0
90109,'1481234',1146,,321,23,0,11 12,0
90109,'1481235',1246,,322,23,0,11 12,0
90109,'1481236',1346,,323,23,0,11 12,0
90109,'1481237',1446,,324,23,0,11 12,0
90109,'1481238',1546,,325,23,0,11 12,0
90109,'1481239',1646,,326,23,0,11 12,0
90109,'1481240',1746,,327,23,0,11 12,0
90109,'1481300',2246,,332,23,0,11 12,0
90109,'1481301',2146,,333,23,0,11 12,0
90109,'1481302',2046,,334,23,0,11 12,0
90109,'1481303',1946,,335,23,0,11 12,0
