3109,'1442657',1305,,102,11,,,0
3109,'1442704',1735,,103,11,,,0
3109,'1442731',1105,,104,11,,,0
3109,'1442816',1035,,105,11,,,0
3109,'1442926',805,,106,11,,,0
3109,'1442939',805,,107,11,,,0
3109,'1442988',905,,108,11,,,0
3109,'1443001',1505,,109,11,,,0
3109,'1443020',1005,,110,11,,,0
3109,'1443042',935,,111,11,,,0
3109,'1443050',1305,,112,11,,,0
3109,'1443073',1505,,113,11,,,0
3109,'1443135',1405,,114,11,,,0
3109,'1443141',1535,,115,11,,,0
3109,'1443144',1135,,116,11,,,0
3109,'1443163',1205,,117,11,,,0
3109,'1443412',1435,,118,11,,,0
3109,'1443419',1335,,119,11,,,0
3109,'1443472',1235,,120,11,,,0
3109,'1443548',1405,,121,11,,,0
3109,'1443737',1805,,122,11,,,0
3109,'1443781',1835,,123,11,,,0
3109,'1443831',1805,,124,11,,,0
3109,'1443867',1205,,125,11,,,0
3109,'1443869',1005,,126,11,,,0
3109,'1443890',705,,127,11,,,0
3109,'1443895',705,,128,11,,,0
3109,'1444017',1905,,129,11,,,0
3109,'1444043',905,,130,11,,,0
3109,'1444183',1605,,131,11,,,0
3109,'1444283',1605,,132,11,,,0
3109,'1444351',1105,,133,11,,,0
3109,'1444464',1705,,134,11,,,0
3109,'1444532',835,,135,11,,,0
3109,'1444569',1635,,136,11,,,0
3109,'1444582',735,,137,11,,,0
3109,'1444595',635,,138,11,,,0
3109,'1444704',1905,,139,11,,,0
3109,'1444711',1705,,140,11,,,0
90209,'1442623',2019,,336,22,0,13,0
90209,'1443277',2119,,343,22,0,13,0
90209,'1443327',2219,,346,22,0,13,0
90209,'1443696',2019,,350,22,0,13,0
90209,'1443801',1519,,353,22,0,13,0
90209,'1443882',1719,,354,22,0,13,0
90209,'1444181',1319,,357,22,0,13,0
90209,'1444215',2219,,358,22,0,13,0
90209,'1444222',1219,,359,22,0,13,0
90209,'1444364',1619,,360,22,0,13,0
90209,'1444425',1119,,361,22,0,13,0
90209,'1444479',2119,,362,22,0,13,0
90209,'1444524',1019,,363,22,0,13,0
