1609,'1442759',1142,,63,11,0,5,0
1609,'1442908',1642,,64,11,0,5,0
1609,'1443382',1542,,65,11,0,5,0
1609,'1443639',942,,66,11,0,5,0
1609,'1443689',1842,,67,11,0,5,0
1609,'1443695',1042,,68,11,0,5,0
1609,'1443794',1242,,69,11,0,5,0
1609,'1443910',1442,,70,11,0,5,0
1609,'1443990',1342,,71,11,0,5,0
1609,'1444348',1742,,72,11,0,5,0
1609,'1444457',842,,73,11,0,5,0
1609,'1444527',742,,74,11,0,5,0
1609,'1444699',642,,75,11,0,5,0
1609,'1471644',642,,76,11,0,6 7,0
1609,'1471645',742,,77,11,0,6 7,0
1609,'1471646',842,,78,11,0,6 7,0
1609,'1471647',942,,79,11,0,6 7,0
1609,'1471648',1042,,80,11,0,6 7,0
1609,'1471649',1142,,81,11,0,6 7,0
1609,'1471650',1242,,82,11,0,6 7,0
1609,'1471651',1342,,83,11,0,6 7,0
1609,'1471652',1442,,84,11,0,6 7,0
1609,'1471653',1542,,85,11,0,6 7,0
1609,'1471654',1642,,86,11,0,6 7,0
1609,'1471655',1742,,87,11,0,6 7,0
1609,'1471656',1842,,88,11,0,6 7,0
1609,'1471657',712,,89,11,0,6 7,0
1609,'1471658',812,,90,11,0,6 7,0
1609,'1471659',912,,91,11,0,6 7,0
1609,'1471660',1112,,92,11,0,8,0
1609,'1471661',1612,,93,11,0,6 7,0
1609,'1471662',1212,,94,11,0,8,0
1609,'1471663',1312,,95,11,0,8,0
1609,'1471664',1712,,96,11,0,6 7,0
1609,'1471665',1812,,97,11,0,6 7,0
1609,'1471666',1012,,98,11,0,8,0
1609,'1471667',1512,,99,11,0,6 7,0
1609,'1471668',1412,,100,11,0,8,0
90109,'1481211',2240,,299,11,0,6,0
90109,'1481212',1940,,300,11,0,6,0
90109,'1481213',2040,,301,11,0,6,0
90109,'1481214',2140,,302,11,0,6,0
90109,'1481220',840,,307,11,0,6,0
90109,'1481221',940,,308,11,0,6,0
90109,'1481222',1040,,309,11,0,6,0
90109,'1481223',1140,,310,11,0,6,0
90109,'1481224',1240,,311,11,0,6,0
90109,'1481225',1340,,312,11,0,6,0
90109,'1481226',1440,,313,11,0,6,0
90109,'1481227',1540,,314,11,0,6,0
90109,'1481228',1640,,315,11,0,6,0
90109,'1481229',1740,,316,11,0,6,0
90109,'1481230',1840,,317,11,0,6,0
90109,'1481296',2240,,328,11,0,6,0
90109,'1481297',1940,,329,11,0,6,0
90109,'1481298',2040,,330,11,0,6,0
90109,'1481299',2140,,331,11,0,6,0
