909,'1442574',1344,,37,22,,,0
909,'1442601',1444,,38,22,,,0
909,'1442683',1244,,39,22,,,0
909,'1442720',744,,40,22,,,0
909,'1442725',1344,,41,22,,,0
909,'1442740',1544,,42,22,,,0
909,'1442981',1544,,43,22,,,0
909,'1443060',1044,,44,22,,,0
909,'1443114',844,,45,22,,,0
909,'1443507',744,,46,22,,,0
909,'1443572',1844,,47,22,,,0
909,'1443665',844,,48,22,,,0
909,'1443760',1444,,49,22,,,0
909,'1444093',944,,50,22,,,0
909,'1444114',1644,,51,22,,,0
909,'1444140',1644,,52,22,,,0
909,'1444157',1744,,53,22,,,0
909,'1444177',644,,54,22,,,0
909,'1444202',944,,55,22,,,0
909,'1444275',1144,,56,22,,,0
909,'1444286',644,,57,22,,,0
909,'1444316',1744,,58,22,,,0
909,'1444336',1044,,59,22,,,0
909,'1444355',1244,,60,22,,,0
909,'1444529',1844,,61,22,,,0
909,'1444681',1144,,62,22,,,0
