509,'1442650',1114,,1,15,,,0
509,'1442688',1014,,2,15,,,0
509,'1442690',914,,3,15,,,0
509,'1442938',1714,,4,15,,,0
509,'1443029',1614,,5,15,,,0
509,'1443081',814,,6,15,,,0
509,'1443286',1214,,7,15,,,0
509,'1443417',1814,,8,15,,,0
509,'1443735',1414,,9,15,,,0
509,'1443904',1514,,10,15,,,0
509,'1443973',714,,11,15,,,0
509,'1444646',1314,,12,15,,,0
509,'1468946',714,,13,15,,,0
509,'1468947',814,,14,15,,,0
509,'1468948',914,,15,15,,,0
509,'1468949',1014,,16,15,,,0
509,'1468950',1114,,17,15,,,0
509,'1468951',1214,,18,15,,,0
509,'1468952',1314,,19,15,,,0
509,'1468953',1414,,20,15,,,0
509,'1468954',1514,,21,15,,,0
509,'1468955',1614,,22,15,,,0
509,'1468956',1714,,23,15,,,0
509,'1468957',1814,,24,15,,,0
90209,'1442623',2009,,336,10,0,13,0
90209,'1443277',2109,,343,10,0,13,0
90209,'1443327',2209,,346,10,0,13,0
90209,'1443696',2009,,350,10,0,13,0
90209,'1443801',1509,,353,10,0,13,0
90209,'1443882',1709,,354,10,0,13,0
90209,'1444181',1309,,357,10,0,13,0
90209,'1444215',2209,,358,10,0,13,0
90209,'1444222',1209,,359,10,0,13,0
90209,'1444364',1609,,360,10,0,13,0
90209,'1444425',1109,,361,10,0,13,0
90209,'1444479',2109,,362,10,0,13,0
90209,'1444524',1009,,363,10,0,13,0
