32019,'1442596',1808,,141,13,,,0
32019,'1442687',938,,142,13,,,0
32019,'1442754',638,,143,13,,,0
32019,'1442760',1408,,144,13,,,0
32019,'1442882',1738,,145,13,,,0
32019,'1442921',1338,,146,13,,,0
32019,'1442945',1538,,147,13,,,0
32019,'1443019',1038,,148,13,,,0
32019,'1443027',1738,,149,13,,,0
32019,'1443032',1138,,150,13,,,0
32019,'1443124',1008,,151,13,,,0
32019,'1443173',1708,,152,13,,,0
32019,'1443223',838,,153,13,,,0
32019,'1443230',738,,154,13,,,0
32019,'1443346',1208,,155,13,,,0
32019,'1443371',1638,,156,13,,,0
32019,'1443418',638,,157,13,,,0
32019,'1443451',1838,,158,13,,,0
32019,'1443460',1508,,159,13,,,0
32019,'1443559',1338,,160,13,,,0
32019,'1443566',1438,,161,13,,,0
32019,'1443666',938,,162,13,,,0
32019,'1443678',1438,,163,13,,,0
32019,'1443693',908,,164,13,,,0
32019,'1443729',1108,,165,13,,,0
32019,'1443750',1238,,166,13,,,0
32019,'1443756',708,,167,13,,,0
32019,'1443859',838,,168,13,,,0
32019,'1443893',1838,,169,13,,,0
32019,'1444067',1138,,170,13,,,0
32019,'1444076',738,,171,13,,,0
32019,'1444125',1308,,172,13,,,0
32019,'1444263',1038,,173,13,,,0
32019,'1444410',1608,,174,13,,,0
32019,'1444513',1238,,175,13,,,0
32019,'1444517',808,,176,13,,,0
32019,'1444645',1638,,177,13,,,0
32019,'1444700',1538,,178,13,,,0
902019,'1442632',2239,,337,13,,,0
902019,'1442824',2239,,338,13,,,0
902019,'1442866',1239,,339,13,,,0
902019,'1443008',1139,,340,13,,,0
902019,'1443149',1539,,341,13,,,0
902019,'1443169',2039,,342,13,,,0
902019,'1443298',2039,,344,13,,,0
902019,'1443323',1639,,345,13,,,0
902019,'1443365',1039,,347,13,,,0
902019,'1443389',1939,,348,13,,,0
902019,'1443612',2139,,349,13,,,0
902019,'1443718',1339,,351,13,,,0
902019,'1443721',2139,,352,13,,,0
902019,'1443889',1939,,355,13,,,0
902019,'1444136',939,,356,13,,,0
