6019,'1481208',2217,,25,26,,,0
6019,'1481209',2117,,26,26,,,0
6019,'1481210',2017,,27,26,,,0
6019,'1481293',2217,,28,26,,,0
6019,'1481294',2117,,29,26,,,0
6019,'1481295',2017,,30,26,,,0
37019,'1481156',652,,179,26,,,0
37019,'1481157',722,,180,26,,,0
37019,'1481158',752,,181,26,,,0
37019,'1481159',822,,182,26,,,0
37019,'1481160',852,,183,26,,,0
37019,'1481161',922,,184,26,,,0
37019,'1481162',952,,185,26,,,0
37019,'1481163',1022,,186,26,,,0
37019,'1481164',1052,,187,26,,,0
37019,'1481165',1122,,188,26,,,0
37019,'1481166',1152,,189,26,,,0
37019,'1481167',1222,,190,26,,,0
37019,'1481168',1252,,191,26,,,0
37019,'1481169',1322,,192,26,,,0
37019,'1481170',1352,,193,26,,,0
37019,'1481171',1422,,194,26,,,0
37019,'1481172',1452,,195,26,,,0
37019,'1481173',1522,,196,26,,,0
37019,'1481174',1552,,197,26,,,0
37019,'1481175',1622,,198,26,,,0
37019,'1481176',1652,,199,26,,,0
37019,'1481177',1722,,200,26,,,0
37019,'1481178',1752,,201,26,,,0
37019,'1481179',1822,,202,26,,,0
37019,'1481180',1852,,203,26,,,0
37019,'1481181',1922,,204,26,,,0
37019,'1481241',652,,205,26,,,0
37019,'1481242',722,,206,26,,,0
37019,'1481243',752,,207,26,,,0
37019,'1481244',822,,208,26,,,0
37019,'1481245',852,,209,26,,,0
37019,'1481246',922,,210,26,,,0
37019,'1481247',952,,211,26,,,0
37019,'1481248',1022,,212,26,,,0
37019,'1481249',1052,,213,26,,,0
37019,'1481250',1122,,214,26,,,0
37019,'1481251',1152,,215,26,,,0
37019,'1481252',1222,,216,26,,,0
37019,'1481253',1252,,217,26,,,0
37019,'1481254',1322,,218,26,,,0
37019,'1481255',1352,,219,26,,,0
37019,'1481256',1422,,220,26,,,0
37019,'1481257',1452,,221,26,,,0
37019,'1481258',1522,,222,26,,,0
37019,'1481259',1552,,223,26,,,0
37019,'1481260',1622,,224,26,,,0
37019,'1481261',1652,,225,26,,,0
37019,'1481262',1722,,226,26,,,0
37019,'1481263',1752,,227,26,,,0
37019,'1481264',1822,,228,26,,,0
37019,'1481265',1852,,229,26,,,0
37019,'1481266',1922,,230,26,,,0
38019,'1481182',713,,231,54,,,0
38019,'1481183',743,,232,54,,,0
38019,'1481184',813,,233,54,,,0
38019,'1481185',843,,234,54,,,0
38019,'1481186',913,,235,54,,,0
38019,'1481187',943,,236,54,,,0
38019,'1481188',1013,,237,54,,,0
38019,'1481189',1043,,238,54,,,0
38019,'1481190',1113,,239,54,,,0
38019,'1481191',1143,,240,54,,,0
38019,'1481192',1213,,241,54,,,0
38019,'1481193',1243,,242,54,,,0
38019,'1481194',1313,,243,54,,,0
38019,'1481195',1343,,244,54,,,0
38019,'1481196',1413,,245,54,,,0
38019,'1481197',1443,,246,54,,,0
38019,'1481198',1513,,247,54,,,0
38019,'1481199',1543,,248,54,,,0
38019,'1481200',1613,,249,54,,,0
38019,'1481201',1643,,250,54,,,0
38019,'1481202',1713,,251,54,,,0
38019,'1481203',1743,,252,54,,,0
38019,'1481204',1813,,253,54,,,0
38019,'1481205',1843,,254,54,,,0
38019,'1481206',1913,,255,54,,,0
38019,'1481207',1943,,256,54,,,0
38019,'1481267',713,,257,54,,,0
38019,'1481268',743,,258,54,,,0
38019,'1481269',813,,259,54,,,0
38019,'1481270',843,,260,54,,,0
38019,'1481271',913,,261,54,,,0
38019,'1481272',943,,262,54,,,0
38019,'1481273',1013,,263,54,,,0
38019,'1481274',1043,,264,54,,,0
38019,'1481275',1113,,265,54,,,0
38019,'1481276',1143,,266,54,,,0
38019,'1481277',1213,,267,54,,,0
38019,'1481278',1243,,268,54,,,0
38019,'1481279',1313,,269,54,,,0
38019,'1481280',1343,,270,54,,,0
38019,'1481281',1413,,271,54,,,0
38019,'1481282',1443,,272,54,,,0
38019,'1481283',1513,,273,54,,,0
38019,'1481284',1543,,274,54,,,0
38019,'1481285',1613,,275,54,,,0
38019,'1481286',1643,,276,54,,,0
38019,'1481287',1713,,277,54,,,0
38019,'1481288',1743,,278,54,,,0
38019,'1481289',1813,,279,54,,,0
38019,'1481290',1843,,280,54,,,0
38019,'1481291',1917,,281,54,,,0
38019,'1481292',1947,,282,54,,,0
76000019,'1442746',1016,,364,28,,,0
76000019,'1442836',1146,,365,28,,,0
76000019,'1442868',1246,,366,28,,,0
76000019,'1442936',1446,,367,28,,,0
76000019,'1442948',1316,,368,28,,,0
76000019,'1442960',1116,,369,28,,,0
76000019,'1443166',1516,,370,28,,,0
76000019,'1443237',1616,,371,28,,,0
76000019,'1443568',1646,,372,28,,,0
76000019,'1443930',1716,,373,28,,,0
76000019,'1444078',1216,,374,28,,,0
76000019,'1444147',1746,,375,28,,,0
76000019,'1444253',1046,,376,28,,,0
76000019,'1444707',1546,,377,28,,,0
