509,'1442650',1100,,1,1,,,0,25,,1,29,4,,0
509,'1442688',1000,,2,1,,,0,25,,2,29,4,,0
509,'1442690',900,,3,1,,,0,25,,3,29,4,,0
509,'1442938',1700,,4,1,,,0,25,,4,29,4,,0
509,'1443029',1600,,5,1,,,0,25,,5,29,4,,0
509,'1443081',800,,6,1,,,0,25,,6,29,4,,0
509,'1443286',1200,,7,1,,,0,25,,7,29,4,,0
509,'1443417',1800,,8,1,,,0,25,,8,29,4,,0
509,'1443735',1400,,9,1,,,0,25,,9,29,4,,0
509,'1443904',1500,,10,1,,,0,25,,10,29,4,,0
509,'1443973',700,,11,1,,,0,25,,11,29,4,,0
509,'1444646',1300,,12,1,,,0,25,,12,29,4,,0
509,'1468946',700,,13,1,,,0,25,,13,29,4,,0
509,'1468947',800,,14,1,,,0,25,,14,29,4,,0
509,'1468948',900,,15,1,,,0,25,,15,29,4,,0
509,'1468949',1000,,16,1,,,0,25,,16,29,4,,0
509,'1468950',1100,,17,1,,,0,25,,17,29,4,,0
509,'1468951',1200,,18,1,,,0,25,,18,29,4,,0
509,'1468952',1300,,19,1,,,0,25,,19,29,4,,0
509,'1468953',1400,,20,1,,,0,25,,20,29,4,,0
509,'1468954',1500,,21,1,,,0,25,,21,29,4,,0
509,'1468955',1600,,22,1,,,0,25,,22,29,4,,0
509,'1468956',1700,,23,1,,,0,25,,23,29,4,,0
509,'1468957',1800,,24,1,,,0,25,,24,29,4,,0
