709,'1442686',2143,,31,22,,,0
709,'1443170',2043,,32,22,,,0
709,'1443421',2043,,33,22,,,0
709,'1444160',1943,,34,22,,,0
709,'1444518',1943,,35,22,,,0
709,'1444604',2143,,36,22,,,0
3709,'1481156',657,,179,35,,,0
3709,'1481157',727,,180,35,,,0
3709,'1481158',757,,181,35,,,0
3709,'1481159',827,,182,35,,,0
3709,'1481160',857,,183,35,,,0
3709,'1481161',927,,184,35,,,0
3709,'1481162',957,,185,35,,,0
3709,'1481163',1027,,186,35,,,0
3709,'1481164',1057,,187,35,,,0
3709,'1481165',1127,,188,35,,,0
3709,'1481166',1157,,189,35,,,0
3709,'1481167',1227,,190,35,,,0
3709,'1481168',1257,,191,35,,,0
3709,'1481169',1327,,192,35,,,0
3709,'1481170',1357,,193,35,,,0
3709,'1481171',1427,,194,35,,,0
3709,'1481172',1457,,195,35,,,0
3709,'1481173',1527,,196,35,,,0
3709,'1481174',1557,,197,35,,,0
3709,'1481175',1627,,198,35,,,0
3709,'1481176',1657,,199,35,,,0
3709,'1481177',1727,,200,35,,,0
3709,'1481178',1757,,201,35,,,0
3709,'1481179',1827,,202,35,,,0
3709,'1481180',1857,,203,35,,,0
3709,'1481181',1927,,204,35,,,0
3709,'1481241',657,,205,35,,,0
3709,'1481242',727,,206,35,,,0
3709,'1481243',757,,207,35,,,0
3709,'1481244',827,,208,35,,,0
3709,'1481245',857,,209,35,,,0
3709,'1481246',927,,210,35,,,0
3709,'1481247',957,,211,35,,,0
3709,'1481248',1027,,212,35,,,0
3709,'1481249',1057,,213,35,,,0
3709,'1481250',1127,,214,35,,,0
3709,'1481251',1157,,215,35,,,0
3709,'1481252',1227,,216,35,,,0
3709,'1481253',1257,,217,35,,,0
3709,'1481254',1327,,218,35,,,0
3709,'1481255',1357,,219,35,,,0
3709,'1481256',1427,,220,35,,,0
3709,'1481257',1457,,221,35,,,0
3709,'1481258',1527,,222,35,,,0
3709,'1481259',1557,,223,35,,,0
3709,'1481260',1627,,224,35,,,0
3709,'1481261',1657,,225,35,,,0
3709,'1481262',1727,,226,35,,,0
3709,'1481263',1757,,227,35,,,0
3709,'1481264',1827,,228,35,,,0
3709,'1481265',1857,,229,35,,,0
3709,'1481266',1927,,230,35,,,0
3809,'1481182',655,,231,33,,,0
3809,'1481183',725,,232,33,,,0
3809,'1481184',755,,233,33,,,0
3809,'1481185',825,,234,33,,,0
3809,'1481186',855,,235,33,,,0
3809,'1481187',925,,236,33,,,0
3809,'1481188',955,,237,33,,,0
3809,'1481189',1025,,238,33,,,0
3809,'1481190',1055,,239,33,,,0
3809,'1481191',1125,,240,33,,,0
3809,'1481192',1155,,241,33,,,0
3809,'1481193',1225,,242,33,,,0
3809,'1481194',1255,,243,33,,,0
3809,'1481195',1325,,244,33,,,0
3809,'1481196',1355,,245,33,,,0
3809,'1481197',1425,,246,33,,,0
3809,'1481198',1455,,247,33,,,0
3809,'1481199',1525,,248,33,,,0
3809,'1481200',1555,,249,33,,,0
3809,'1481201',1625,,250,33,,,0
3809,'1481202',1655,,251,33,,,0
3809,'1481203',1725,,252,33,,,0
3809,'1481204',1755,,253,33,,,0
3809,'1481205',1825,,254,33,,,0
3809,'1481206',1855,,255,33,,,0
3809,'1481207',1925,,256,33,,,0
3809,'1481267',655,,257,33,,,0
3809,'1481268',725,,258,33,,,0
3809,'1481269',755,,259,33,,,0
3809,'1481270',825,,260,33,,,0
3809,'1481271',855,,261,33,,,0
3809,'1481272',925,,262,33,,,0
3809,'1481273',955,,263,33,,,0
3809,'1481274',1025,,264,33,,,0
3809,'1481275',1055,,265,33,,,0
3809,'1481276',1125,,266,33,,,0
3809,'1481277',1155,,267,33,,,0
3809,'1481278',1225,,268,33,,,0
3809,'1481279',1255,,269,33,,,0
3809,'1481280',1325,,270,33,,,0
3809,'1481281',1355,,271,33,,,0
3809,'1481282',1425,,272,33,,,0
3809,'1481283',1455,,273,33,,,0
3809,'1481284',1525,,274,33,,,0
3809,'1481285',1555,,275,33,,,0
3809,'1481286',1625,,276,33,,,0
3809,'1481287',1655,,277,33,,,0
3809,'1481288',1725,,278,33,,,0
3809,'1481289',1755,,279,33,,,0
3809,'1481290',1825,,280,33,,,0
3809,'1481291',1855,,281,33,,,0
3809,'1481292',1925,,282,33,,,0
