3709,'1481156',711,,179,54,,,0
3709,'1481157',741,,180,54,,,0
3709,'1481158',811,,181,54,,,0
3709,'1481159',841,,182,54,,,0
3709,'1481160',911,,183,54,,,0
3709,'1481161',941,,184,54,,,0
3709,'1481162',1011,,185,54,,,0
3709,'1481163',1041,,186,54,,,0
3709,'1481164',1111,,187,54,,,0
3709,'1481165',1141,,188,54,,,0
3709,'1481166',1211,,189,54,,,0
3709,'1481167',1241,,190,54,,,0
3709,'1481168',1311,,191,54,,,0
3709,'1481169',1341,,192,54,,,0
3709,'1481170',1411,,193,54,,,0
3709,'1481171',1441,,194,54,,,0
3709,'1481172',1511,,195,54,,,0
3709,'1481173',1541,,196,54,,,0
3709,'1481174',1611,,197,54,,,0
3709,'1481175',1641,,198,54,,,0
3709,'1481176',1711,,199,54,,,0
3709,'1481177',1741,,200,54,,,0
3709,'1481178',1811,,201,54,,,0
3709,'1481179',1841,,202,54,,,0
3709,'1481180',1911,,203,54,,,0
3709,'1481181',1941,,204,54,,,0
3709,'1481241',715,,205,54,,,0
3709,'1481242',745,,206,54,,,0
3709,'1481243',815,,207,54,,,0
3709,'1481244',845,,208,54,,,0
3709,'1481245',915,,209,54,,,0
3709,'1481246',945,,210,54,,,0
3709,'1481247',1015,,211,54,,,0
3709,'1481248',1045,,212,54,,,0
3709,'1481249',1115,,213,54,,,0
3709,'1481250',1145,,214,54,,,0
3709,'1481251',1215,,215,54,,,0
3709,'1481252',1245,,216,54,,,0
3709,'1481253',1315,,217,54,,,0
3709,'1481254',1345,,218,54,,,0
3709,'1481255',1415,,219,54,,,0
3709,'1481256',1445,,220,54,,,0
3709,'1481257',1515,,221,54,,,0
3709,'1481258',1545,,222,54,,,0
3709,'1481259',1615,,223,54,,,0
3709,'1481260',1645,,224,54,,,0
3709,'1481261',1715,,225,54,,,0
3709,'1481262',1745,,226,54,,,0
3709,'1481263',1815,,227,54,,,0
3709,'1481264',1845,,228,54,,,0
3709,'1481265',1915,,229,54,,,0
3709,'1481266',1945,,230,54,,,0
90109,'1481215',2313,,303,49,0,11 12,0
90109,'1481216',2213,,304,49,0,11 12,0
90109,'1481217',2113,,305,49,0,11 12,0
90109,'1481218',2013,,306,49,0,11 12,0
90109,'1481231',913,,318,49,0,11 12,0
90109,'1481232',1013,,319,49,0,11 12,0
90109,'1481233',1113,,320,49,0,11 12,0
90109,'1481234',1213,,321,49,0,11 12,0
90109,'1481235',1313,,322,49,0,11 12,0
90109,'1481236',1413,,323,49,0,11 12,0
90109,'1481237',1513,,324,49,0,11 12,0
90109,'1481238',1613,,325,49,0,11 12,0
90109,'1481239',1713,,326,49,0,11 12,0
90109,'1481240',1813,,327,49,0,11 12,0
90109,'1481300',2316,,332,49,0,11 12,0
90109,'1481301',2216,,333,49,0,11 12,0
90109,'1481302',2116,,334,49,0,11 12,0
90109,'1481303',2016,,335,49,0,11 12,0
