3209,'1442596',1813,,141,21,,,0
3209,'1442687',943,,142,21,,,0
3209,'1442754',643,,143,21,,,0
3209,'1442760',1413,,144,21,,,0
3209,'1442882',1743,,145,21,,,0
3209,'1442921',1343,,146,21,,,0
3209,'1442945',1543,,147,21,,,0
3209,'1443019',1043,,148,21,,,0
3209,'1443027',1743,,149,21,,,0
3209,'1443032',1143,,150,21,,,0
3209,'1443124',1013,,151,21,,,0
3209,'1443173',1713,,152,21,,,0
3209,'1443223',843,,153,21,,,0
3209,'1443230',743,,154,21,,,0
3209,'1443346',1213,,155,21,,,0
3209,'1443371',1643,,156,21,,,0
3209,'1443418',643,,157,21,,,0
3209,'1443451',1843,,158,21,,,0
3209,'1443460',1513,,159,21,,,0
3209,'1443559',1343,,160,21,,,0
3209,'1443566',1443,,161,21,,,0
3209,'1443666',943,,162,21,,,0
3209,'1443678',1443,,163,21,,,0
3209,'1443693',913,,164,21,,,0
3209,'1443729',1113,,165,21,,,0
3209,'1443750',1243,,166,21,,,0
3209,'1443756',713,,167,21,,,0
3209,'1443859',843,,168,21,,,0
3209,'1443893',1843,,169,21,,,0
3209,'1444067',1143,,170,21,,,0
3209,'1444076',743,,171,21,,,0
3209,'1444125',1313,,172,21,,,0
3209,'1444263',1043,,173,21,,,0
3209,'1444410',1613,,174,21,,,0
3209,'1444513',1243,,175,21,,,0
3209,'1444517',813,,176,21,,,0
3209,'1444645',1643,,177,21,,,0
3209,'1444700',1543,,178,21,,,0
90209,'1442632',2242,,337,21,0,9 10,0
90209,'1442824',2242,,338,21,0,9 10,0
90209,'1442866',1242,,339,21,0,9 10,0
90209,'1443008',1142,,340,21,0,9 10,0
90209,'1443149',1542,,341,21,0,9 10,0
90209,'1443169',2042,,342,21,0,9 10,0
90209,'1443298',2042,,344,21,0,9 10,0
90209,'1443323',1642,,345,21,0,9 10,0
90209,'1443365',1042,,347,21,0,9 10,0
90209,'1443389',1942,,348,21,0,9 10,0
90209,'1443612',2142,,349,21,0,9 10,0
90209,'1443718',1342,,351,21,0,9 10,0
90209,'1443721',2142,,352,21,0,9 10,0
90209,'1443889',1942,,355,21,0,9 10,0
90209,'1444136',942,,356,21,0,9 10,0
