37019,'1481156',707,,179,47,,,0
37019,'1481157',737,,180,47,,,0
37019,'1481158',807,,181,47,,,0
37019,'1481159',837,,182,47,,,0
37019,'1481160',907,,183,47,,,0
37019,'1481161',937,,184,47,,,0
37019,'1481162',1007,,185,47,,,0
37019,'1481163',1037,,186,47,,,0
37019,'1481164',1107,,187,47,,,0
37019,'1481165',1137,,188,47,,,0
37019,'1481166',1207,,189,47,,,0
37019,'1481167',1237,,190,47,,,0
37019,'1481168',1307,,191,47,,,0
37019,'1481169',1337,,192,47,,,0
37019,'1481170',1407,,193,47,,,0
37019,'1481171',1437,,194,47,,,0
37019,'1481172',1507,,195,47,,,0
37019,'1481173',1537,,196,47,,,0
37019,'1481174',1607,,197,47,,,0
37019,'1481175',1637,,198,47,,,0
37019,'1481176',1707,,199,47,,,0
37019,'1481177',1737,,200,47,,,0
37019,'1481178',1807,,201,47,,,0
37019,'1481179',1837,,202,47,,,0
37019,'1481180',1907,,203,47,,,0
37019,'1481181',1937,,204,47,,,0
37019,'1481241',709,,205,47,,,0
37019,'1481242',739,,206,47,,,0
37019,'1481243',809,,207,47,,,0
37019,'1481244',839,,208,47,,,0
37019,'1481245',909,,209,47,,,0
37019,'1481246',939,,210,47,,,0
37019,'1481247',1009,,211,47,,,0
37019,'1481248',1039,,212,47,,,0
37019,'1481249',1109,,213,47,,,0
37019,'1481250',1139,,214,47,,,0
37019,'1481251',1209,,215,47,,,0
37019,'1481252',1239,,216,47,,,0
37019,'1481253',1309,,217,47,,,0
37019,'1481254',1339,,218,47,,,0
37019,'1481255',1409,,219,47,,,0
37019,'1481256',1439,,220,47,,,0
37019,'1481257',1509,,221,47,,,0
37019,'1481258',1539,,222,47,,,0
37019,'1481259',1609,,223,47,,,0
37019,'1481260',1639,,224,47,,,0
37019,'1481261',1709,,225,47,,,0
37019,'1481262',1739,,226,47,,,0
37019,'1481263',1809,,227,47,,,0
37019,'1481264',1839,,228,47,,,0
37019,'1481265',1909,,229,47,,,0
37019,'1481266',1939,,230,47,,,0
901029,'1481215',2306,,303,42,,,0
901029,'1481216',2206,,304,42,,,0
901029,'1481217',2106,,305,42,,,0
901029,'1481218',2006,,306,42,,,0
901029,'1481231',906,,318,42,,,0
901029,'1481232',1006,,319,42,,,0
901029,'1481233',1106,,320,42,,,0
901029,'1481234',1206,,321,42,,,0
901029,'1481235',1306,,322,42,,,0
901029,'1481236',1406,,323,42,,,0
901029,'1481237',1506,,324,42,,,0
901029,'1481238',1606,,325,42,,,0
901029,'1481239',1706,,326,42,,,0
901029,'1481240',1806,,327,42,,,0
901029,'1481300',2310,,332,42,,,0
901029,'1481301',2210,,333,42,,,0
901029,'1481302',2110,,334,42,,,0
901029,'1481303',2010,,335,42,,,0
