3709,'1481156',653,,179,28,,,0
3709,'1481157',723,,180,28,,,0
3709,'1481158',753,,181,28,,,0
3709,'1481159',823,,182,28,,,0
3709,'1481160',853,,183,28,,,0
3709,'1481161',923,,184,28,,,0
3709,'1481162',953,,185,28,,,0
3709,'1481163',1023,,186,28,,,0
3709,'1481164',1053,,187,28,,,0
3709,'1481165',1123,,188,28,,,0
3709,'1481166',1153,,189,28,,,0
3709,'1481167',1223,,190,28,,,0
3709,'1481168',1253,,191,28,,,0
3709,'1481169',1323,,192,28,,,0
3709,'1481170',1353,,193,28,,,0
3709,'1481171',1423,,194,28,,,0
3709,'1481172',1453,,195,28,,,0
3709,'1481173',1523,,196,28,,,0
3709,'1481174',1553,,197,28,,,0
3709,'1481175',1623,,198,28,,,0
3709,'1481176',1653,,199,28,,,0
3709,'1481177',1723,,200,28,,,0
3709,'1481178',1753,,201,28,,,0
3709,'1481179',1823,,202,28,,,0
3709,'1481180',1853,,203,28,,,0
3709,'1481181',1923,,204,28,,,0
3709,'1481241',653,,205,28,,,0
3709,'1481242',723,,206,28,,,0
3709,'1481243',753,,207,28,,,0
3709,'1481244',823,,208,28,,,0
3709,'1481245',853,,209,28,,,0
3709,'1481246',923,,210,28,,,0
3709,'1481247',953,,211,28,,,0
3709,'1481248',1023,,212,28,,,0
3709,'1481249',1053,,213,28,,,0
3709,'1481250',1123,,214,28,,,0
3709,'1481251',1153,,215,28,,,0
3709,'1481252',1223,,216,28,,,0
3709,'1481253',1253,,217,28,,,0
3709,'1481254',1323,,218,28,,,0
3709,'1481255',1353,,219,28,,,0
3709,'1481256',1423,,220,28,,,0
3709,'1481257',1453,,221,28,,,0
3709,'1481258',1523,,222,28,,,0
3709,'1481259',1553,,223,28,,,0
3709,'1481260',1623,,224,28,,,0
3709,'1481261',1653,,225,28,,,0
3709,'1481262',1723,,226,28,,,0
3709,'1481263',1753,,227,28,,,0
3709,'1481264',1823,,228,28,,,0
3709,'1481265',1853,,229,28,,,0
3709,'1481266',1923,,230,28,,,0
