1609,'1442759',1151,,63,23,0,5,0
1609,'1442908',1651,,64,23,0,5,0
1609,'1443382',1551,,65,23,0,5,0
1609,'1443639',951,,66,23,0,5,0
1609,'1443689',1851,,67,23,0,5,0
1609,'1443695',1051,,68,23,0,5,0
1609,'1443794',1251,,69,23,0,5,0
1609,'1443910',1451,,70,23,0,5,0
1609,'1443990',1351,,71,23,0,5,0
1609,'1444348',1751,,72,23,0,5,0
1609,'1444457',851,,73,23,0,5,0
1609,'1444527',751,,74,23,0,5,0
1609,'1444699',651,,75,23,0,5,0
1609,'1471644',651,,76,23,0,6 7,0
1609,'1471645',751,,77,23,0,6 7,0
1609,'1471646',851,,78,23,0,6 7,0
1609,'1471647',951,,79,23,0,6 7,0
1609,'1471648',1051,,80,23,0,6 7,0
1609,'1471649',1151,,81,23,0,6 7,0
1609,'1471650',1251,,82,23,0,6 7,0
1609,'1471651',1351,,83,23,0,6 7,0
1609,'1471652',1451,,84,23,0,6 7,0
1609,'1471653',1551,,85,23,0,6 7,0
1609,'1471654',1651,,86,23,0,6 7,0
1609,'1471655',1751,,87,23,0,6 7,0
1609,'1471656',1851,,88,23,0,6 7,0
1609,'1471657',721,,89,23,0,6 7,0
1609,'1471658',821,,90,23,0,6 7,0
1609,'1471659',921,,91,23,0,6 7,0
1609,'1471660',1121,,92,24,0,8,0
1609,'1471661',1621,,93,23,0,6 7,0
1609,'1471662',1221,,94,24,0,8,0
1609,'1471663',1321,,95,24,0,8,0
1609,'1471664',1721,,96,23,0,6 7,0
1609,'1471665',1821,,97,23,0,6 7,0
1609,'1471666',1021,,98,24,0,8,0
1609,'1471667',1521,,99,23,0,6 7,0
1609,'1471668',1421,,100,24,0,8,0
90109,'1481211',2248,,299,23,0,6,0
90109,'1481212',1948,,300,23,0,6,0
90109,'1481213',2048,,301,23,0,6,0
90109,'1481214',2148,,302,23,0,6,0
90109,'1481220',848,,307,23,0,6,0
90109,'1481221',948,,308,23,0,6,0
90109,'1481222',1048,,309,23,0,6,0
90109,'1481223',1148,,310,23,0,6,0
90109,'1481224',1248,,311,23,0,6,0
90109,'1481225',1348,,312,23,0,6,0
90109,'1481226',1448,,313,23,0,6,0
90109,'1481227',1548,,314,23,0,6,0
90109,'1481228',1648,,315,23,0,6,0
90109,'1481229',1748,,316,23,0,6,0
90109,'1481230',1848,,317,23,0,6,0
90109,'1481296',2249,,328,23,0,6,0
90109,'1481297',1949,,329,23,0,6,0
90109,'1481298',2049,,330,23,0,6,0
90109,'1481299',2149,,331,23,0,6,0
