3209,'1442596',1811,,141,17,,,0
3209,'1442687',941,,142,17,,,0
3209,'1442754',641,,143,17,,,0
3209,'1442760',1411,,144,17,,,0
3209,'1442882',1741,,145,17,,,0
3209,'1442921',1341,,146,17,,,0
3209,'1442945',1541,,147,17,,,0
3209,'1443019',1041,,148,17,,,0
3209,'1443027',1741,,149,17,,,0
3209,'1443032',1141,,150,17,,,0
3209,'1443124',1011,,151,17,,,0
3209,'1443173',1711,,152,17,,,0
3209,'1443223',841,,153,17,,,0
3209,'1443230',741,,154,17,,,0
3209,'1443346',1211,,155,17,,,0
3209,'1443371',1641,,156,17,,,0
3209,'1443418',641,,157,17,,,0
3209,'1443451',1841,,158,17,,,0
3209,'1443460',1511,,159,17,,,0
3209,'1443559',1341,,160,17,,,0
3209,'1443566',1441,,161,17,,,0
3209,'1443666',941,,162,17,,,0
3209,'1443678',1441,,163,17,,,0
3209,'1443693',911,,164,17,,,0
3209,'1443729',1111,,165,17,,,0
3209,'1443750',1241,,166,17,,,0
3209,'1443756',711,,167,17,,,0
3209,'1443859',841,,168,17,,,0
3209,'1443893',1841,,169,17,,,0
3209,'1444067',1141,,170,17,,,0
3209,'1444076',741,,171,17,,,0
3209,'1444125',1311,,172,17,,,0
3209,'1444263',1041,,173,17,,,0
3209,'1444410',1611,,174,17,,,0
3209,'1444513',1241,,175,17,,,0
3209,'1444517',811,,176,17,,,0
3209,'1444645',1641,,177,17,,,0
3209,'1444700',1541,,178,17,,,0
90209,'1442632',2241,,337,17,0,9 10,0
90209,'1442824',2241,,338,17,0,9 10,0
90209,'1442866',1241,,339,17,0,9 10,0
90209,'1443008',1141,,340,17,0,9 10,0
90209,'1443149',1541,,341,17,0,9 10,0
90209,'1443169',2041,,342,17,0,9 10,0
90209,'1443298',2041,,344,17,0,9 10,0
90209,'1443323',1641,,345,17,0,9 10,0
90209,'1443365',1041,,347,17,0,9 10,0
90209,'1443389',1941,,348,17,0,9 10,0
90209,'1443612',2141,,349,17,0,9 10,0
90209,'1443718',1341,,351,17,0,9 10,0
90209,'1443721',2141,,352,17,0,9 10,0
90209,'1443889',1941,,355,17,0,9 10,0
90209,'1444136',941,,356,17,0,9 10,0
