31019,'1442657',1319,,102,28,,,0
31019,'1442704',1753,,103,28,,,0
31019,'1442731',1119,,104,28,,,0
31019,'1442816',1053,,105,28,,,0
31019,'1442926',819,,106,28,,,0
31019,'1442939',823,,107,28,,,0
31019,'1442988',923,,108,28,,,0
31019,'1443001',1523,,109,28,,,0
31019,'1443020',1019,,110,28,,,0
31019,'1443042',953,,111,28,,,0
31019,'1443050',1323,,112,28,,,0
31019,'1443073',1519,,113,28,,,0
31019,'1443135',1423,,114,28,,,0
31019,'1443141',1553,,115,28,,,0
31019,'1443144',1153,,116,28,,,0
31019,'1443163',1223,,117,28,,,0
31019,'1443412',1453,,118,28,,,0
31019,'1443419',1353,,119,28,,,0
31019,'1443472',1253,,120,28,,,0
31019,'1443548',1419,,121,28,,,0
31019,'1443737',1819,,122,28,,,0
31019,'1443781',1853,,123,28,,,0
31019,'1443831',1823,,124,28,,,0
31019,'1443867',1219,,125,28,,,0
31019,'1443869',1023,,126,28,,,0
31019,'1443890',719,,127,28,,,0
31019,'1443895',723,,128,28,,,0
31019,'1444017',1923,,129,28,,,0
31019,'1444043',919,,130,28,,,0
31019,'1444183',1623,,131,28,,,0
31019,'1444283',1619,,132,28,,,0
31019,'1444351',1123,,133,28,,,0
31019,'1444464',1719,,134,28,,,0
31019,'1444532',853,,135,28,,,0
31019,'1444569',1653,,136,28,,,0
31019,'1444582',753,,137,28,,,0
31019,'1444595',653,,138,28,,,0
31019,'1444704',1919,,139,28,,,0
31019,'1444711',1723,,140,28,,,0
