38019,'1481182',635,,231,5,,,0
38019,'1481183',705,,232,5,,,0
38019,'1481184',735,,233,5,,,0
38019,'1481185',805,,234,5,,,0
38019,'1481186',835,,235,5,,,0
38019,'1481187',905,,236,5,,,0
38019,'1481188',935,,237,5,,,0
38019,'1481189',1005,,238,5,,,0
38019,'1481190',1035,,239,5,,,0
38019,'1481191',1105,,240,5,,,0
38019,'1481192',1135,,241,5,,,0
38019,'1481193',1205,,242,5,,,0
38019,'1481194',1235,,243,5,,,0
38019,'1481195',1305,,244,5,,,0
38019,'1481196',1335,,245,5,,,0
38019,'1481197',1405,,246,5,,,0
38019,'1481198',1435,,247,5,,,0
38019,'1481199',1505,,248,5,,,0
38019,'1481200',1535,,249,5,,,0
38019,'1481201',1605,,250,5,,,0
38019,'1481202',1635,,251,5,,,0
38019,'1481203',1705,,252,5,,,0
38019,'1481204',1735,,253,5,,,0
38019,'1481205',1805,,254,5,,,0
38019,'1481206',1835,,255,5,,,0
38019,'1481207',1905,,256,5,,,0
38019,'1481267',635,,257,5,,,0
38019,'1481268',705,,258,5,,,0
38019,'1481269',735,,259,5,,,0
38019,'1481270',805,,260,5,,,0
38019,'1481271',835,,261,5,,,0
38019,'1481272',905,,262,5,,,0
38019,'1481273',935,,263,5,,,0
38019,'1481274',1005,,264,5,,,0
38019,'1481275',1035,,265,5,,,0
38019,'1481276',1105,,266,5,,,0
38019,'1481277',1135,,267,5,,,0
38019,'1481278',1205,,268,5,,,0
38019,'1481279',1235,,269,5,,,0
38019,'1481280',1305,,270,5,,,0
38019,'1481281',1335,,271,5,,,0
38019,'1481282',1405,,272,5,,,0
38019,'1481283',1435,,273,5,,,0
38019,'1481284',1505,,274,5,,,0
38019,'1481285',1535,,275,5,,,0
38019,'1481286',1605,,276,5,,,0
38019,'1481287',1635,,277,5,,,0
38019,'1481288',1705,,278,5,,,0
38019,'1481289',1735,,279,5,,,0
38019,'1481290',1805,,280,5,,,0
38019,'1481291',1835,,281,5,,,0
38019,'1481292',1905,,282,5,,,0
901029,'1481215',2234,,303,5,,,0
901029,'1481216',2134,,304,5,,,0
901029,'1481217',2034,,305,5,,,0
901029,'1481218',1934,,306,5,,,0
901029,'1481231',834,,318,5,,,0
901029,'1481232',934,,319,5,,,0
901029,'1481233',1034,,320,5,,,0
901029,'1481234',1134,,321,5,,,0
901029,'1481235',1234,,322,5,,,0
901029,'1481236',1334,,323,5,,,0
901029,'1481237',1434,,324,5,,,0
901029,'1481238',1534,,325,5,,,0
901029,'1481239',1634,,326,5,,,0
901029,'1481240',1734,,327,5,,,0
901029,'1481300',2234,,332,5,,,0
901029,'1481301',2134,,333,5,,,0
901029,'1481302',2034,,334,5,,,0
901029,'1481303',1934,,335,5,,,0
