31019,'1442657',1301,,102,2,,,0
31019,'1442704',1731,,103,2,,,0
31019,'1442731',1101,,104,2,,,0
31019,'1442816',1031,,105,2,,,0
31019,'1442926',801,,106,2,,,0
31019,'1442939',801,,107,2,,,0
31019,'1442988',901,,108,2,,,0
31019,'1443001',1501,,109,2,,,0
31019,'1443020',1001,,110,2,,,0
31019,'1443042',931,,111,2,,,0
31019,'1443050',1301,,112,2,,,0
31019,'1443073',1501,,113,2,,,0
31019,'1443135',1401,,114,2,,,0
31019,'1443141',1531,,115,2,,,0
31019,'1443144',1131,,116,2,,,0
31019,'1443163',1201,,117,2,,,0
31019,'1443412',1431,,118,2,,,0
31019,'1443419',1331,,119,2,,,0
31019,'1443472',1231,,120,2,,,0
31019,'1443548',1401,,121,2,,,0
31019,'1443737',1801,,122,2,,,0
31019,'1443781',1831,,123,2,,,0
31019,'1443831',1801,,124,2,,,0
31019,'1443867',1201,,125,2,,,0
31019,'1443869',1001,,126,2,,,0
31019,'1443890',701,,127,2,,,0
31019,'1443895',701,,128,2,,,0
31019,'1444017',1901,,129,2,,,0
31019,'1444043',901,,130,2,,,0
31019,'1444183',1601,,131,2,,,0
31019,'1444283',1601,,132,2,,,0
31019,'1444351',1101,,133,2,,,0
31019,'1444464',1701,,134,2,,,0
31019,'1444532',831,,135,2,,,0
31019,'1444569',1631,,136,2,,,0
31019,'1444582',731,,137,2,,,0
31019,'1444595',631,,138,2,,,0
31019,'1444704',1901,,139,2,,,0
31019,'1444711',1701,,140,2,,,0
