3109,'1442657',1312,,102,20,,,0
3109,'1442704',1744,,103,20,,,0
3109,'1442731',1112,,104,20,,,0
3109,'1442816',1044,,105,20,,,0
3109,'1442926',812,,106,20,,,0
3109,'1442939',814,,107,20,,,0
3109,'1442988',914,,108,20,,,0
3109,'1443001',1514,,109,20,,,0
3109,'1443020',1012,,110,20,,,0
3109,'1443042',944,,111,20,,,0
3109,'1443050',1314,,112,20,,,0
3109,'1443073',1512,,113,20,,,0
3109,'1443135',1414,,114,20,,,0
3109,'1443141',1544,,115,20,,,0
3109,'1443144',1144,,116,20,,,0
3109,'1443163',1214,,117,20,,,0
3109,'1443412',1444,,118,20,,,0
3109,'1443419',1344,,119,20,,,0
3109,'1443472',1244,,120,20,,,0
3109,'1443548',1412,,121,20,,,0
3109,'1443737',1812,,122,20,,,0
3109,'1443781',1844,,123,20,,,0
3109,'1443831',1814,,124,20,,,0
3109,'1443867',1212,,125,20,,,0
3109,'1443869',1014,,126,20,,,0
3109,'1443890',712,,127,20,,,0
3109,'1443895',714,,128,20,,,0
3109,'1444017',1914,,129,20,,,0
3109,'1444043',912,,130,20,,,0
3109,'1444183',1614,,131,20,,,0
3109,'1444283',1612,,132,20,,,0
3109,'1444351',1114,,133,20,,,0
3109,'1444464',1712,,134,20,,,0
3109,'1444532',844,,135,20,,,0
3109,'1444569',1644,,136,20,,,0
3109,'1444582',744,,137,20,,,0
3109,'1444595',644,,138,20,,,0
3109,'1444704',1912,,139,20,,,0
3109,'1444711',1714,,140,20,,,0
90209,'1442623',2014,,336,17,0,13,0
90209,'1443277',2114,,343,17,0,13,0
90209,'1443327',2214,,346,17,0,13,0
90209,'1443696',2014,,350,17,0,13,0
90209,'1443801',1514,,353,17,0,13,0
90209,'1443882',1714,,354,17,0,13,0
90209,'1444181',1314,,357,17,0,13,0
90209,'1444215',2214,,358,17,0,13,0
90209,'1444222',1214,,359,17,0,13,0
90209,'1444364',1614,,360,17,0,13,0
90209,'1444425',1114,,361,17,0,13,0
90209,'1444479',2114,,362,17,0,13,0
90209,'1444524',1014,,363,17,0,13,0
