90209,'1442623',2000,,336,1,0,13,0,24,,336,29,4,,0
90209,'1443277',2100,,343,1,0,13,0,24,,343,29,4,,0
90209,'1443327',2200,,346,1,0,13,0,24,,346,29,4,,0
90209,'1443696',2000,,350,1,0,13,0,24,,350,29,4,,0
90209,'1443801',1500,,353,1,0,13,0,24,,353,29,4,,0
90209,'1443882',1700,,354,1,0,13,0,24,,354,29,4,,0
90209,'1444181',1300,,357,1,0,13,0,24,,357,29,4,,0
90209,'1444215',2200,,358,1,0,13,0,24,,358,29,4,,0
90209,'1444222',1200,,359,1,0,13,0,24,,359,29,4,,0
90209,'1444364',1600,,360,1,0,13,0,24,,360,29,4,,0
90209,'1444425',1100,,361,1,0,13,0,24,,361,29,4,,0
90209,'1444479',2100,,362,1,0,13,0,24,,362,29,4,,0
90209,'1444524',1000,,363,1,0,13,0,24,,363,29,4,,0
