38019,'1481182',642,,231,14,,,0
38019,'1481183',712,,232,14,,,0
38019,'1481184',742,,233,14,,,0
38019,'1481185',812,,234,14,,,0
38019,'1481186',842,,235,14,,,0
38019,'1481187',912,,236,14,,,0
38019,'1481188',942,,237,14,,,0
38019,'1481189',1012,,238,14,,,0
38019,'1481190',1042,,239,14,,,0
38019,'1481191',1112,,240,14,,,0
38019,'1481192',1142,,241,14,,,0
38019,'1481193',1212,,242,14,,,0
38019,'1481194',1242,,243,14,,,0
38019,'1481195',1312,,244,14,,,0
38019,'1481196',1342,,245,14,,,0
38019,'1481197',1412,,246,14,,,0
38019,'1481198',1442,,247,14,,,0
38019,'1481199',1512,,248,14,,,0
38019,'1481200',1542,,249,14,,,0
38019,'1481201',1612,,250,14,,,0
38019,'1481202',1642,,251,14,,,0
38019,'1481203',1712,,252,14,,,0
38019,'1481204',1742,,253,14,,,0
38019,'1481205',1812,,254,14,,,0
38019,'1481206',1842,,255,14,,,0
38019,'1481207',1912,,256,14,,,0
38019,'1481267',642,,257,14,,,0
38019,'1481268',712,,258,14,,,0
38019,'1481269',742,,259,14,,,0
38019,'1481270',812,,260,14,,,0
38019,'1481271',842,,261,14,,,0
38019,'1481272',912,,262,14,,,0
38019,'1481273',942,,263,14,,,0
38019,'1481274',1012,,264,14,,,0
38019,'1481275',1042,,265,14,,,0
38019,'1481276',1112,,266,14,,,0
38019,'1481277',1142,,267,14,,,0
38019,'1481278',1212,,268,14,,,0
38019,'1481279',1242,,269,14,,,0
38019,'1481280',1312,,270,14,,,0
38019,'1481281',1342,,271,14,,,0
38019,'1481282',1412,,272,14,,,0
38019,'1481283',1442,,273,14,,,0
38019,'1481284',1512,,274,14,,,0
38019,'1481285',1542,,275,14,,,0
38019,'1481286',1612,,276,14,,,0
38019,'1481287',1642,,277,14,,,0
38019,'1481288',1712,,278,14,,,0
38019,'1481289',1742,,279,14,,,0
38019,'1481290',1812,,280,14,,,0
38019,'1481291',1842,,281,14,,,0
38019,'1481292',1912,,282,14,,,0
901029,'1481215',2240,,303,16,,,0
901029,'1481216',2140,,304,16,,,0
901029,'1481217',2040,,305,16,,,0
901029,'1481218',1940,,306,16,,,0
901029,'1481231',840,,318,16,,,0
901029,'1481232',940,,319,16,,,0
901029,'1481233',1040,,320,16,,,0
901029,'1481234',1140,,321,16,,,0
901029,'1481235',1240,,322,16,,,0
901029,'1481236',1340,,323,16,,,0
901029,'1481237',1440,,324,16,,,0
901029,'1481238',1540,,325,16,,,0
901029,'1481239',1640,,326,16,,,0
901029,'1481240',1740,,327,16,,,0
901029,'1481300',2240,,332,16,,,0
901029,'1481301',2140,,333,16,,,0
901029,'1481302',2040,,334,16,,,0
901029,'1481303',1940,,335,16,,,0
