1609,'1442759',1130,,63,1,0,5,0,93,,63,54,4,,0
1609,'1442908',1630,,64,1,0,5,0,93,,64,54,4,,0
1609,'1443382',1530,,65,1,0,5,0,93,,65,54,4,,0
1609,'1443639',930,,66,1,0,5,0,93,,66,54,4,,0
1609,'1443689',1830,,67,1,0,5,0,93,,67,54,4,,0
1609,'1443695',1030,,68,1,0,5,0,93,,68,54,4,,0
1609,'1443794',1230,,69,1,0,5,0,93,,69,54,4,,0
1609,'1443910',1430,,70,1,0,5,0,93,,70,54,4,,0
1609,'1443990',1330,,71,1,0,5,0,93,,71,54,4,,0
1609,'1444348',1730,,72,1,0,5,0,93,,72,54,4,,0
1609,'1444457',830,,73,1,0,5,0,93,,73,54,4,,0
1609,'1444527',730,,74,1,0,5,0,93,,74,54,4,,0
1609,'1444699',630,,75,1,0,5,0,93,,75,54,4,,0
1609,'1471644',630,,76,1,0,6 7,0,93,,76,56,4,,0
1609,'1471645',730,,77,1,0,6 7,0,93,,77,56,4,,0
1609,'1471646',830,,78,1,0,6 7,0,93,,78,56,4,,0
1609,'1471647',930,,79,1,0,6 7,0,93,,79,56,4,,0
1609,'1471648',1030,,80,1,0,6 7,0,93,,80,56,4,,0
1609,'1471649',1130,,81,1,0,6 7,0,93,,81,56,4,,0
1609,'1471650',1230,,82,1,0,6 7,0,93,,82,56,4,,0
1609,'1471651',1330,,83,1,0,6 7,0,93,,83,56,4,,0
1609,'1471652',1430,,84,1,0,6 7,0,93,,84,56,4,,0
1609,'1471653',1530,,85,1,0,6 7,0,93,,85,56,4,,0
1609,'1471654',1630,,86,1,0,6 7,0,93,,86,56,4,,0
1609,'1471655',1730,,87,1,0,6 7,0,93,,87,56,4,,0
1609,'1471656',1830,,88,1,0,6 7,0,93,,88,56,4,,0
1609,'1471657',700,,89,1,0,6 7,0,53,,89,56,4,,0
1609,'1471658',800,,90,1,0,6 7,0,53,,90,56,4,,0
1609,'1471659',900,,91,1,0,6 7,0,53,,91,56,4,,0
1609,'1471660',1100,,92,1,0,8,0,53,,92,57,4,,0
1609,'1471661',1600,,93,1,0,6 7,0,53,,93,56,4,,0
1609,'1471662',1200,,94,1,0,8,0,53,,94,57,4,,0
1609,'1471663',1300,,95,1,0,8,0,53,,95,57,4,,0
1609,'1471664',1700,,96,1,0,6 7,0,53,,96,56,4,,0
1609,'1471665',1800,,97,1,0,6 7,0,53,,97,56,4,,0
1609,'1471666',1000,,98,1,0,8,0,53,,98,57,4,,0
1609,'1471667',1500,,99,1,0,6 7,0,53,,99,56,4,,0
1609,'1471668',1400,,100,1,0,8,0,53,,100,57,4,,0
1609,'1481219',2330,,101,1,,,0
