901029,'1481215',2251,,303,24,,,0
901029,'1481216',2151,,304,24,,,0
901029,'1481217',2051,,305,24,,,0
901029,'1481218',1951,,306,24,,,0
901029,'1481231',851,,318,24,,,0
901029,'1481232',951,,319,24,,,0
901029,'1481233',1051,,320,24,,,0
901029,'1481234',1151,,321,24,,,0
901029,'1481235',1251,,322,24,,,0
901029,'1481236',1351,,323,24,,,0
901029,'1481237',1451,,324,24,,,0
901029,'1481238',1551,,325,24,,,0
901029,'1481239',1651,,326,24,,,0
901029,'1481240',1751,,327,24,,,0
901029,'1481300',2251,,332,24,,,0
901029,'1481301',2151,,333,24,,,0
901029,'1481302',2051,,334,24,,,0
901029,'1481303',1951,,335,24,,,0
