5019,'1442650',1105,,1,5,,,0
5019,'1442688',1005,,2,5,,,0
5019,'1442690',905,,3,5,,,0
5019,'1442938',1705,,4,5,,,0
5019,'1443029',1605,,5,5,,,0
5019,'1443081',805,,6,5,,,0
5019,'1443286',1205,,7,5,,,0
5019,'1443417',1805,,8,5,,,0
5019,'1443735',1405,,9,5,,,0
5019,'1443904',1505,,10,5,,,0
5019,'1443973',705,,11,5,,,0
5019,'1444646',1305,,12,5,,,0
5019,'1468946',705,,13,5,,,0
5019,'1468947',805,,14,5,,,0
5019,'1468948',905,,15,5,,,0
5019,'1468949',1005,,16,5,,,0
5019,'1468950',1105,,17,5,,,0
5019,'1468951',1205,,18,5,,,0
5019,'1468952',1305,,19,5,,,0
5019,'1468953',1405,,20,5,,,0
5019,'1468954',1505,,21,5,,,0
5019,'1468955',1605,,22,5,,,0
5019,'1468956',1705,,23,5,,,0
5019,'1468957',1805,,24,5,,,0
38019,'1481182',636,,231,6,,,0
38019,'1481183',706,,232,6,,,0
38019,'1481184',736,,233,6,,,0
38019,'1481185',806,,234,6,,,0
38019,'1481186',836,,235,6,,,0
38019,'1481187',906,,236,6,,,0
38019,'1481188',936,,237,6,,,0
38019,'1481189',1006,,238,6,,,0
38019,'1481190',1036,,239,6,,,0
38019,'1481191',1106,,240,6,,,0
38019,'1481192',1136,,241,6,,,0
38019,'1481193',1206,,242,6,,,0
38019,'1481194',1236,,243,6,,,0
38019,'1481195',1306,,244,6,,,0
38019,'1481196',1336,,245,6,,,0
38019,'1481197',1406,,246,6,,,0
38019,'1481198',1436,,247,6,,,0
38019,'1481199',1506,,248,6,,,0
38019,'1481200',1536,,249,6,,,0
38019,'1481201',1606,,250,6,,,0
38019,'1481202',1636,,251,6,,,0
38019,'1481203',1706,,252,6,,,0
38019,'1481204',1736,,253,6,,,0
38019,'1481205',1806,,254,6,,,0
38019,'1481206',1836,,255,6,,,0
38019,'1481207',1906,,256,6,,,0
38019,'1481267',636,,257,6,,,0
38019,'1481268',706,,258,6,,,0
38019,'1481269',736,,259,6,,,0
38019,'1481270',806,,260,6,,,0
38019,'1481271',836,,261,6,,,0
38019,'1481272',906,,262,6,,,0
38019,'1481273',936,,263,6,,,0
38019,'1481274',1006,,264,6,,,0
38019,'1481275',1036,,265,6,,,0
38019,'1481276',1106,,266,6,,,0
38019,'1481277',1136,,267,6,,,0
38019,'1481278',1206,,268,6,,,0
38019,'1481279',1236,,269,6,,,0
38019,'1481280',1306,,270,6,,,0
38019,'1481281',1336,,271,6,,,0
38019,'1481282',1406,,272,6,,,0
38019,'1481283',1436,,273,6,,,0
38019,'1481284',1506,,274,6,,,0
38019,'1481285',1536,,275,6,,,0
38019,'1481286',1606,,276,6,,,0
38019,'1481287',1636,,277,6,,,0
38019,'1481288',1706,,278,6,,,0
38019,'1481289',1736,,279,6,,,0
38019,'1481290',1806,,280,6,,,0
38019,'1481291',1836,,281,6,,,0
38019,'1481292',1906,,282,6,,,0
901029,'1481215',2234,,303,6,,,0
901029,'1481216',2134,,304,6,,,0
901029,'1481217',2034,,305,6,,,0
901029,'1481218',1934,,306,6,,,0
901029,'1481231',834,,318,6,,,0
901029,'1481232',934,,319,6,,,0
901029,'1481233',1034,,320,6,,,0
901029,'1481234',1134,,321,6,,,0
901029,'1481235',1234,,322,6,,,0
901029,'1481236',1334,,323,6,,,0
901029,'1481237',1434,,324,6,,,0
901029,'1481238',1534,,325,6,,,0
901029,'1481239',1634,,326,6,,,0
901029,'1481240',1734,,327,6,,,0
901029,'1481300',2234,,332,6,,,0
901029,'1481301',2134,,333,6,,,0
901029,'1481302',2034,,334,6,,,0
901029,'1481303',1934,,335,6,,,0
