5019,'1442650',1116,,1,19,,,0
5019,'1442688',1016,,2,19,,,0
5019,'1442690',916,,3,19,,,0
5019,'1442938',1716,,4,19,,,0
5019,'1443029',1616,,5,19,,,0
5019,'1443081',816,,6,19,,,0
5019,'1443286',1216,,7,19,,,0
5019,'1443417',1816,,8,19,,,0
5019,'1443735',1416,,9,19,,,0
5019,'1443904',1516,,10,19,,,0
5019,'1443973',716,,11,19,,,0
5019,'1444646',1316,,12,19,,,0
5019,'1468946',716,,13,19,,,0
5019,'1468947',816,,14,19,,,0
5019,'1468948',916,,15,19,,,0
5019,'1468949',1016,,16,19,,,0
5019,'1468950',1116,,17,19,,,0
5019,'1468951',1216,,18,19,,,0
5019,'1468952',1316,,19,19,,,0
5019,'1468953',1416,,20,19,,,0
5019,'1468954',1516,,21,19,,,0
5019,'1468955',1616,,22,19,,,0
5019,'1468956',1716,,23,19,,,0
5019,'1468957',1816,,24,19,,,0
902029,'1442623',2012,,336,14,,,0
902029,'1443277',2112,,343,14,,,0
902029,'1443327',2212,,346,14,,,0
902029,'1443696',2012,,350,14,,,0
902029,'1443801',1512,,353,14,,,0
902029,'1443882',1712,,354,14,,,0
902029,'1444181',1312,,357,14,,,0
902029,'1444215',2212,,358,14,,,0
902029,'1444222',1212,,359,14,,,0
902029,'1444364',1612,,360,14,,,0
902029,'1444425',1112,,361,14,,,0
902029,'1444479',2112,,362,14,,,0
902029,'1444524',1012,,363,14,,,0
