509,'1442650',1122,,1,26,,,0
509,'1442688',1022,,2,26,,,0
509,'1442690',922,,3,26,,,0
509,'1442938',1722,,4,26,,,0
509,'1443029',1622,,5,26,,,0
509,'1443081',822,,6,26,,,0
509,'1443286',1222,,7,26,,,0
509,'1443417',1822,,8,26,,,0
509,'1443735',1422,,9,26,,,0
509,'1443904',1522,,10,26,,,0
509,'1443973',722,,11,26,,,0
509,'1444646',1322,,12,26,,,0
509,'1468946',722,,13,26,,,0
509,'1468947',822,,14,26,,,0
509,'1468948',922,,15,26,,,0
509,'1468949',1022,,16,26,,,0
509,'1468950',1122,,17,26,,,0
509,'1468951',1222,,18,26,,,0
509,'1468952',1322,,19,26,,,0
509,'1468953',1422,,20,26,,,0
509,'1468954',1522,,21,26,,,0
509,'1468955',1622,,22,26,,,0
509,'1468956',1722,,23,26,,,0
509,'1468957',1822,,24,26,,,0
90109,'1481215',2319,,303,56,0,11 12,0
90109,'1481216',2219,,304,56,0,11 12,0
90109,'1481217',2119,,305,56,0,11 12,0
90109,'1481218',2019,,306,56,0,11 12,0
90109,'1481231',919,,318,56,0,11 12,0
90109,'1481232',1019,,319,56,0,11 12,0
90109,'1481233',1119,,320,56,0,11 12,0
90109,'1481234',1219,,321,56,0,11 12,0
90109,'1481235',1319,,322,56,0,11 12,0
90109,'1481236',1419,,323,56,0,11 12,0
90109,'1481237',1519,,324,56,0,11 12,0
90109,'1481238',1619,,325,56,0,11 12,0
90109,'1481239',1719,,326,56,0,11 12,0
90109,'1481240',1819,,327,56,0,11 12,0
90109,'1481300',2322,,332,56,0,11 12,0
90109,'1481301',2222,,333,56,0,11 12,0
90109,'1481302',2122,,334,56,0,11 12,0
90109,'1481303',2022,,335,56,0,11 12,0
