31019,'1442657',1317,,102,25,,,0
31019,'1442704',1752,,103,25,,,0
31019,'1442731',1117,,104,25,,,0
31019,'1442816',1052,,105,25,,,0
31019,'1442926',817,,106,25,,,0
31019,'1442939',822,,107,25,,,0
31019,'1442988',922,,108,25,,,0
31019,'1443001',1522,,109,25,,,0
31019,'1443020',1017,,110,25,,,0
31019,'1443042',952,,111,25,,,0
31019,'1443050',1322,,112,25,,,0
31019,'1443073',1517,,113,25,,,0
31019,'1443135',1422,,114,25,,,0
31019,'1443141',1552,,115,25,,,0
31019,'1443144',1152,,116,25,,,0
31019,'1443163',1222,,117,25,,,0
31019,'1443412',1452,,118,25,,,0
31019,'1443419',1352,,119,25,,,0
31019,'1443472',1252,,120,25,,,0
31019,'1443548',1417,,121,25,,,0
31019,'1443737',1817,,122,25,,,0
31019,'1443781',1852,,123,25,,,0
31019,'1443831',1822,,124,25,,,0
31019,'1443867',1217,,125,25,,,0
31019,'1443869',1022,,126,25,,,0
31019,'1443890',717,,127,25,,,0
31019,'1443895',722,,128,25,,,0
31019,'1444017',1922,,129,25,,,0
31019,'1444043',917,,130,25,,,0
31019,'1444183',1622,,131,25,,,0
31019,'1444283',1617,,132,25,,,0
31019,'1444351',1122,,133,25,,,0
31019,'1444464',1717,,134,25,,,0
31019,'1444532',852,,135,25,,,0
31019,'1444569',1652,,136,25,,,0
31019,'1444582',752,,137,25,,,0
31019,'1444595',652,,138,25,,,0
31019,'1444704',1917,,139,25,,,0
31019,'1444711',1722,,140,25,,,0
