1609,'1442759',1210,,63,44,0,5,0
1609,'1442908',1710,,64,44,0,5,0
1609,'1443382',1610,,65,44,0,5,0
1609,'1443639',1010,,66,44,0,5,0
1609,'1443689',1910,,67,44,0,5,0
1609,'1443695',1110,,68,44,0,5,0
1609,'1443794',1310,,69,44,0,5,0
1609,'1443910',1510,,70,44,0,5,0
1609,'1443990',1410,,71,44,0,5,0
1609,'1444348',1810,,72,44,0,5,0
1609,'1444457',910,,73,44,0,5,0
1609,'1444527',810,,74,44,0,5,0
1609,'1444699',710,,75,44,0,5,0
1609,'1471644',710,,76,46,0,6 7,0
1609,'1471645',810,,77,46,0,6 7,0
1609,'1471646',910,,78,46,0,6 7,0
1609,'1471647',1010,,79,46,0,6 7,0
1609,'1471648',1110,,80,46,0,6 7,0
1609,'1471649',1210,,81,46,0,6 7,0
1609,'1471650',1310,,82,46,0,6 7,0
1609,'1471651',1410,,83,46,0,6 7,0
1609,'1471652',1510,,84,46,0,6 7,0
1609,'1471653',1610,,85,46,0,6 7,0
1609,'1471654',1710,,86,46,0,6 7,0
1609,'1471655',1810,,87,46,0,6 7,0
1609,'1471656',1910,,88,46,0,6 7,0
1609,'1471657',740,,89,46,0,6 7,0
1609,'1471658',840,,90,46,0,6 7,0
1609,'1471659',940,,91,46,0,6 7,0
1609,'1471660',1140,,92,47,0,8,0
1609,'1471661',1640,,93,46,0,6 7,0
1609,'1471662',1240,,94,47,0,8,0
1609,'1471663',1340,,95,47,0,8,0
1609,'1471664',1740,,96,46,0,6 7,0
1609,'1471665',1840,,97,46,0,6 7,0
1609,'1471666',1040,,98,47,0,8,0
1609,'1471667',1540,,99,46,0,6 7,0
1609,'1471668',1440,,100,47,0,8,0
90109,'1481211',2305,,299,44,0,6,0
90109,'1481212',2005,,300,44,0,6,0
90109,'1481213',2105,,301,44,0,6,0
90109,'1481214',2205,,302,44,0,6,0
90109,'1481220',905,,307,44,0,6,0
90109,'1481221',1005,,308,44,0,6,0
90109,'1481222',1105,,309,44,0,6,0
90109,'1481223',1205,,310,44,0,6,0
90109,'1481224',1305,,311,44,0,6,0
90109,'1481225',1405,,312,44,0,6,0
90109,'1481226',1505,,313,44,0,6,0
90109,'1481227',1605,,314,44,0,6,0
90109,'1481228',1705,,315,44,0,6,0
90109,'1481229',1805,,316,44,0,6,0
90109,'1481230',1905,,317,44,0,6,0
90109,'1481296',2312,,328,44,0,6,0
90109,'1481297',2012,,329,44,0,6,0
90109,'1481298',2112,,330,44,0,6,0
90109,'1481299',2212,,331,44,0,6,0
