3109,'1442657',1304,,102,8,,,0
3109,'1442704',1734,,103,8,,,0
3109,'1442731',1104,,104,8,,,0
3109,'1442816',1034,,105,8,,,0
3109,'1442926',804,,106,8,,,0
3109,'1442939',804,,107,8,,,0
3109,'1442988',904,,108,8,,,0
3109,'1443001',1504,,109,8,,,0
3109,'1443020',1004,,110,8,,,0
3109,'1443042',934,,111,8,,,0
3109,'1443050',1304,,112,8,,,0
3109,'1443073',1504,,113,8,,,0
3109,'1443135',1404,,114,8,,,0
3109,'1443141',1534,,115,8,,,0
3109,'1443144',1134,,116,8,,,0
3109,'1443163',1204,,117,8,,,0
3109,'1443412',1434,,118,8,,,0
3109,'1443419',1334,,119,8,,,0
3109,'1443472',1234,,120,8,,,0
3109,'1443548',1404,,121,8,,,0
3109,'1443737',1804,,122,8,,,0
3109,'1443781',1834,,123,8,,,0
3109,'1443831',1804,,124,8,,,0
3109,'1443867',1204,,125,8,,,0
3109,'1443869',1004,,126,8,,,0
3109,'1443890',704,,127,8,,,0
3109,'1443895',704,,128,8,,,0
3109,'1444017',1904,,129,8,,,0
3109,'1444043',904,,130,8,,,0
3109,'1444183',1604,,131,8,,,0
3109,'1444283',1604,,132,8,,,0
3109,'1444351',1104,,133,8,,,0
3109,'1444464',1704,,134,8,,,0
3109,'1444532',834,,135,8,,,0
3109,'1444569',1634,,136,8,,,0
3109,'1444582',734,,137,8,,,0
3109,'1444595',634,,138,8,,,0
3109,'1444704',1904,,139,8,,,0
3109,'1444711',1704,,140,8,,,0
