7019,'1442686',2138,,31,16,0,5 15,0
7019,'1443170',2038,,32,16,0,5 15,0
7019,'1443421',2039,,33,16,0,5 15,0
7019,'1444160',1939,,34,16,0,5 15,0
7019,'1444518',1938,,35,16,0,5 15,0
7019,'1444604',2139,,36,16,0,5 15,0
37019,'1481156',656,,179,33,,,0
37019,'1481157',726,,180,33,,,0
37019,'1481158',756,,181,33,,,0
37019,'1481159',826,,182,33,,,0
37019,'1481160',856,,183,33,,,0
37019,'1481161',926,,184,33,,,0
37019,'1481162',956,,185,33,,,0
37019,'1481163',1026,,186,33,,,0
37019,'1481164',1056,,187,33,,,0
37019,'1481165',1126,,188,33,,,0
37019,'1481166',1156,,189,33,,,0
37019,'1481167',1226,,190,33,,,0
37019,'1481168',1256,,191,33,,,0
37019,'1481169',1326,,192,33,,,0
37019,'1481170',1356,,193,33,,,0
37019,'1481171',1426,,194,33,,,0
37019,'1481172',1456,,195,33,,,0
37019,'1481173',1526,,196,33,,,0
37019,'1481174',1556,,197,33,,,0
37019,'1481175',1626,,198,33,,,0
37019,'1481176',1656,,199,33,,,0
37019,'1481177',1726,,200,33,,,0
37019,'1481178',1756,,201,33,,,0
37019,'1481179',1826,,202,33,,,0
37019,'1481180',1856,,203,33,,,0
37019,'1481181',1926,,204,33,,,0
37019,'1481241',656,,205,33,,,0
37019,'1481242',726,,206,33,,,0
37019,'1481243',756,,207,33,,,0
37019,'1481244',826,,208,33,,,0
37019,'1481245',856,,209,33,,,0
37019,'1481246',926,,210,33,,,0
37019,'1481247',956,,211,33,,,0
37019,'1481248',1026,,212,33,,,0
37019,'1481249',1056,,213,33,,,0
37019,'1481250',1126,,214,33,,,0
37019,'1481251',1156,,215,33,,,0
37019,'1481252',1226,,216,33,,,0
37019,'1481253',1256,,217,33,,,0
37019,'1481254',1326,,218,33,,,0
37019,'1481255',1356,,219,33,,,0
37019,'1481256',1426,,220,33,,,0
37019,'1481257',1456,,221,33,,,0
37019,'1481258',1526,,222,33,,,0
37019,'1481259',1556,,223,33,,,0
37019,'1481260',1626,,224,33,,,0
37019,'1481261',1656,,225,33,,,0
37019,'1481262',1726,,226,33,,,0
37019,'1481263',1756,,227,33,,,0
37019,'1481264',1826,,228,33,,,0
37019,'1481265',1856,,229,33,,,0
37019,'1481266',1926,,230,33,,,0
38019,'1481182',654,,231,31,,,0
38019,'1481183',724,,232,31,,,0
38019,'1481184',754,,233,31,,,0
38019,'1481185',824,,234,31,,,0
38019,'1481186',854,,235,31,,,0
38019,'1481187',924,,236,31,,,0
38019,'1481188',954,,237,31,,,0
38019,'1481189',1024,,238,31,,,0
38019,'1481190',1054,,239,31,,,0
38019,'1481191',1124,,240,31,,,0
38019,'1481192',1154,,241,31,,,0
38019,'1481193',1224,,242,31,,,0
38019,'1481194',1254,,243,31,,,0
38019,'1481195',1324,,244,31,,,0
38019,'1481196',1354,,245,31,,,0
38019,'1481197',1424,,246,31,,,0
38019,'1481198',1454,,247,31,,,0
38019,'1481199',1524,,248,31,,,0
38019,'1481200',1554,,249,31,,,0
38019,'1481201',1624,,250,31,,,0
38019,'1481202',1654,,251,31,,,0
38019,'1481203',1724,,252,31,,,0
38019,'1481204',1754,,253,31,,,0
38019,'1481205',1824,,254,31,,,0
38019,'1481206',1854,,255,31,,,0
38019,'1481207',1924,,256,31,,,0
38019,'1481267',654,,257,31,,,0
38019,'1481268',724,,258,31,,,0
38019,'1481269',754,,259,31,,,0
38019,'1481270',824,,260,31,,,0
38019,'1481271',854,,261,31,,,0
38019,'1481272',924,,262,31,,,0
38019,'1481273',954,,263,31,,,0
38019,'1481274',1024,,264,31,,,0
38019,'1481275',1054,,265,31,,,0
38019,'1481276',1124,,266,31,,,0
38019,'1481277',1154,,267,31,,,0
38019,'1481278',1224,,268,31,,,0
38019,'1481279',1254,,269,31,,,0
38019,'1481280',1324,,270,31,,,0
38019,'1481281',1354,,271,31,,,0
38019,'1481282',1424,,272,31,,,0
38019,'1481283',1454,,273,31,,,0
38019,'1481284',1524,,274,31,,,0
38019,'1481285',1554,,275,31,,,0
38019,'1481286',1624,,276,31,,,0
38019,'1481287',1654,,277,31,,,0
38019,'1481288',1724,,278,31,,,0
38019,'1481289',1754,,279,31,,,0
38019,'1481290',1824,,280,31,,,0
38019,'1481291',1854,,281,31,,,0
38019,'1481292',1924,,282,31,,,0
76000019,'1442746',1008,,364,16,0,14,0
76000019,'1442836',1138,,365,16,0,14,0
76000019,'1442868',1238,,366,16,0,14,0
76000019,'1442936',1438,,367,16,0,14,0
76000019,'1442948',1308,,368,16,0,14,0
76000019,'1442960',1108,,369,16,0,14,0
76000019,'1443166',1508,,370,16,0,14,0
76000019,'1443237',1608,,371,16,0,14,0
76000019,'1443568',1638,,372,16,0,14,0
76000019,'1443930',1708,,373,16,0,14,0
76000019,'1444078',1208,,374,16,0,14,0
76000019,'1444147',1738,,375,16,0,14,0
76000019,'1444253',1038,,376,16,0,14,0
76000019,'1444707',1538,,377,16,0,14,0
