9019,'1442574',1336,,37,10,,,0
9019,'1442601',1436,,38,10,,,0
9019,'1442683',1236,,39,10,,,0
9019,'1442720',736,,40,10,,,0
9019,'1442725',1336,,41,10,,,0
9019,'1442740',1536,,42,10,,,0
9019,'1442981',1536,,43,10,,,0
9019,'1443060',1036,,44,10,,,0
9019,'1443114',836,,45,10,,,0
9019,'1443507',736,,46,10,,,0
9019,'1443572',1836,,47,10,,,0
9019,'1443665',836,,48,10,,,0
9019,'1443760',1436,,49,10,,,0
9019,'1444093',936,,50,10,,,0
9019,'1444114',1636,,51,10,,,0
9019,'1444140',1636,,52,10,,,0
9019,'1444157',1736,,53,10,,,0
9019,'1444177',636,,54,10,,,0
9019,'1444202',936,,55,10,,,0
9019,'1444275',1136,,56,10,,,0
9019,'1444286',636,,57,10,,,0
9019,'1444316',1736,,58,10,,,0
9019,'1444336',1036,,59,10,,,0
9019,'1444355',1236,,60,10,,,0
9019,'1444529',1836,,61,10,,,0
9019,'1444681',1136,,62,10,,,0
16019,'1442759',1136,,63,8,0,5,0
16019,'1442908',1636,,64,8,0,5,0
16019,'1443382',1536,,65,8,0,5,0
16019,'1443639',936,,66,8,0,5,0
16019,'1443689',1836,,67,8,0,5,0
16019,'1443695',1036,,68,8,0,5,0
16019,'1443794',1236,,69,8,0,5,0
16019,'1443910',1436,,70,8,0,5,0
16019,'1443990',1336,,71,8,0,5,0
16019,'1444348',1736,,72,8,0,5,0
16019,'1444457',836,,73,8,0,5,0
16019,'1444527',736,,74,8,0,5,0
16019,'1444699',636,,75,8,0,5,0
16019,'1471644',636,,76,8,0,6 7,0
16019,'1471645',736,,77,8,0,6 7,0
16019,'1471646',836,,78,8,0,6 7,0
16019,'1471647',936,,79,8,0,6 7,0
16019,'1471648',1036,,80,8,0,6 7,0
16019,'1471649',1136,,81,8,0,6 7,0
16019,'1471650',1236,,82,8,0,6 7,0
16019,'1471651',1336,,83,8,0,6 7,0
16019,'1471652',1436,,84,8,0,6 7,0
16019,'1471653',1536,,85,8,0,6 7,0
16019,'1471654',1636,,86,8,0,6 7,0
16019,'1471655',1736,,87,8,0,6 7,0
16019,'1471656',1836,,88,8,0,6 7,0
16019,'1471657',706,,89,8,0,6 7,0
16019,'1471658',806,,90,8,0,6 7,0
16019,'1471659',906,,91,8,0,6 7,0
16019,'1471660',1106,,92,8,0,8,0
16019,'1471661',1606,,93,8,0,6 7,0
16019,'1471662',1206,,94,8,0,8,0
16019,'1471663',1306,,95,8,0,8,0
16019,'1471664',1706,,96,8,0,6 7,0
16019,'1471665',1806,,97,8,0,6 7,0
16019,'1471666',1006,,98,8,0,8,0
16019,'1471667',1506,,99,8,0,6 7,0
16019,'1471668',1406,,100,8,0,8,0
901019,'1481211',2234,,299,8,,,0
901019,'1481212',1934,,300,8,,,0
901019,'1481213',2034,,301,8,,,0
901019,'1481214',2134,,302,8,,,0
901019,'1481220',834,,307,8,,,0
901019,'1481221',934,,308,8,,,0
901019,'1481222',1034,,309,8,,,0
901019,'1481223',1134,,310,8,,,0
901019,'1481224',1234,,311,8,,,0
901019,'1481225',1334,,312,8,,,0
901019,'1481226',1434,,313,8,,,0
901019,'1481227',1534,,314,8,,,0
901019,'1481228',1634,,315,8,,,0
901019,'1481229',1734,,316,8,,,0
901019,'1481230',1834,,317,8,,,0
901019,'1481296',2234,,328,8,,,0
901019,'1481297',1934,,329,8,,,0
901019,'1481298',2034,,330,8,,,0
901019,'1481299',2134,,331,8,,,0
