9019,'1442574',1345,,37,24,,,0
9019,'1442601',1445,,38,24,,,0
9019,'1442683',1245,,39,24,,,0
9019,'1442720',745,,40,24,,,0
9019,'1442725',1345,,41,24,,,0
9019,'1442740',1545,,42,24,,,0
9019,'1442981',1545,,43,24,,,0
9019,'1443060',1045,,44,24,,,0
9019,'1443114',845,,45,24,,,0
9019,'1443507',745,,46,24,,,0
9019,'1443572',1845,,47,24,,,0
9019,'1443665',845,,48,24,,,0
9019,'1443760',1445,,49,24,,,0
9019,'1444093',945,,50,24,,,0
9019,'1444114',1645,,51,24,,,0
9019,'1444140',1645,,52,24,,,0
9019,'1444157',1745,,53,24,,,0
9019,'1444177',645,,54,24,,,0
9019,'1444202',945,,55,24,,,0
9019,'1444275',1145,,56,24,,,0
9019,'1444286',645,,57,24,,,0
9019,'1444316',1745,,58,24,,,0
9019,'1444336',1045,,59,24,,,0
9019,'1444355',1245,,60,24,,,0
9019,'1444529',1845,,61,24,,,0
9019,'1444681',1145,,62,24,,,0
