9019,'1442574',1334,,37,7,,,0
9019,'1442601',1434,,38,7,,,0
9019,'1442683',1234,,39,7,,,0
9019,'1442720',734,,40,7,,,0
9019,'1442725',1334,,41,7,,,0
9019,'1442740',1534,,42,7,,,0
9019,'1442981',1534,,43,7,,,0
9019,'1443060',1034,,44,7,,,0
9019,'1443114',834,,45,7,,,0
9019,'1443507',734,,46,7,,,0
9019,'1443572',1834,,47,7,,,0
9019,'1443665',834,,48,7,,,0
9019,'1443760',1434,,49,7,,,0
9019,'1444093',934,,50,7,,,0
9019,'1444114',1634,,51,7,,,0
9019,'1444140',1634,,52,7,,,0
9019,'1444157',1734,,53,7,,,0
9019,'1444177',634,,54,7,,,0
9019,'1444202',934,,55,7,,,0
9019,'1444275',1134,,56,7,,,0
9019,'1444286',634,,57,7,,,0
9019,'1444316',1734,,58,7,,,0
9019,'1444336',1034,,59,7,,,0
9019,'1444355',1234,,60,7,,,0
9019,'1444529',1834,,61,7,,,0
9019,'1444681',1134,,62,7,,,0
16019,'1442759',1135,,63,6,0,5,0
16019,'1442908',1635,,64,6,0,5,0
16019,'1443382',1535,,65,6,0,5,0
16019,'1443639',935,,66,6,0,5,0
16019,'1443689',1835,,67,6,0,5,0
16019,'1443695',1035,,68,6,0,5,0
16019,'1443794',1235,,69,6,0,5,0
16019,'1443910',1435,,70,6,0,5,0
16019,'1443990',1335,,71,6,0,5,0
16019,'1444348',1735,,72,6,0,5,0
16019,'1444457',835,,73,6,0,5,0
16019,'1444527',735,,74,6,0,5,0
16019,'1444699',635,,75,6,0,5,0
16019,'1471644',635,,76,6,0,6 7,0
16019,'1471645',735,,77,6,0,6 7,0
16019,'1471646',835,,78,6,0,6 7,0
16019,'1471647',935,,79,6,0,6 7,0
16019,'1471648',1035,,80,6,0,6 7,0
16019,'1471649',1135,,81,6,0,6 7,0
16019,'1471650',1235,,82,6,0,6 7,0
16019,'1471651',1335,,83,6,0,6 7,0
16019,'1471652',1435,,84,6,0,6 7,0
16019,'1471653',1535,,85,6,0,6 7,0
16019,'1471654',1635,,86,6,0,6 7,0
16019,'1471655',1735,,87,6,0,6 7,0
16019,'1471656',1835,,88,6,0,6 7,0
16019,'1471657',705,,89,6,0,6 7,0
16019,'1471658',805,,90,6,0,6 7,0
16019,'1471659',905,,91,6,0,6 7,0
16019,'1471660',1105,,92,6,0,8,0
16019,'1471661',1605,,93,6,0,6 7,0
16019,'1471662',1205,,94,6,0,8,0
16019,'1471663',1305,,95,6,0,8,0
16019,'1471664',1705,,96,6,0,6 7,0
16019,'1471665',1805,,97,6,0,6 7,0
16019,'1471666',1005,,98,6,0,8,0
16019,'1471667',1505,,99,6,0,6 7,0
16019,'1471668',1405,,100,6,0,8,0
901019,'1481211',2233,,299,6,,,0
901019,'1481212',1933,,300,6,,,0
901019,'1481213',2033,,301,6,,,0
901019,'1481214',2133,,302,6,,,0
901019,'1481220',833,,307,6,,,0
901019,'1481221',933,,308,6,,,0
901019,'1481222',1033,,309,6,,,0
901019,'1481223',1133,,310,6,,,0
901019,'1481224',1233,,311,6,,,0
901019,'1481225',1333,,312,6,,,0
901019,'1481226',1433,,313,6,,,0
901019,'1481227',1533,,314,6,,,0
901019,'1481228',1633,,315,6,,,0
901019,'1481229',1733,,316,6,,,0
901019,'1481230',1833,,317,6,,,0
901019,'1481296',2233,,328,6,,,0
901019,'1481297',1933,,329,6,,,0
901019,'1481298',2033,,330,6,,,0
901019,'1481299',2133,,331,6,,,0
