709,'1442686',2137,,31,12,0,5 15,0
709,'1443170',2037,,32,12,0,5 15,0
709,'1443421',2037,,33,12,0,5 15,0
709,'1444160',1937,,34,12,0,5 15,0
709,'1444518',1937,,35,12,0,5 15,0
709,'1444604',2137,,36,12,0,5 15,0
3809,'1481182',652,,231,27,,,0
3809,'1481183',722,,232,27,,,0
3809,'1481184',752,,233,27,,,0
3809,'1481185',822,,234,27,,,0
3809,'1481186',852,,235,27,,,0
3809,'1481187',922,,236,27,,,0
3809,'1481188',952,,237,27,,,0
3809,'1481189',1022,,238,27,,,0
3809,'1481190',1052,,239,27,,,0
3809,'1481191',1122,,240,27,,,0
3809,'1481192',1152,,241,27,,,0
3809,'1481193',1222,,242,27,,,0
3809,'1481194',1252,,243,27,,,0
3809,'1481195',1322,,244,27,,,0
3809,'1481196',1352,,245,27,,,0
3809,'1481197',1422,,246,27,,,0
3809,'1481198',1452,,247,27,,,0
3809,'1481199',1522,,248,27,,,0
3809,'1481200',1552,,249,27,,,0
3809,'1481201',1622,,250,27,,,0
3809,'1481202',1652,,251,27,,,0
3809,'1481203',1722,,252,27,,,0
3809,'1481204',1752,,253,27,,,0
3809,'1481205',1822,,254,27,,,0
3809,'1481206',1852,,255,27,,,0
3809,'1481207',1922,,256,27,,,0
3809,'1481267',652,,257,27,,,0
3809,'1481268',722,,258,27,,,0
3809,'1481269',752,,259,27,,,0
3809,'1481270',822,,260,27,,,0
3809,'1481271',852,,261,27,,,0
3809,'1481272',922,,262,27,,,0
3809,'1481273',952,,263,27,,,0
3809,'1481274',1022,,264,27,,,0
3809,'1481275',1052,,265,27,,,0
3809,'1481276',1122,,266,27,,,0
3809,'1481277',1152,,267,27,,,0
3809,'1481278',1222,,268,27,,,0
3809,'1481279',1252,,269,27,,,0
3809,'1481280',1322,,270,27,,,0
3809,'1481281',1352,,271,27,,,0
3809,'1481282',1422,,272,27,,,0
3809,'1481283',1452,,273,27,,,0
3809,'1481284',1522,,274,27,,,0
3809,'1481285',1552,,275,27,,,0
3809,'1481286',1622,,276,27,,,0
3809,'1481287',1652,,277,27,,,0
3809,'1481288',1722,,278,27,,,0
3809,'1481289',1752,,279,27,,,0
3809,'1481290',1822,,280,27,,,0
3809,'1481291',1852,,281,27,,,0
3809,'1481292',1922,,282,27,,,0
7600009,'1442746',1006,,364,12,0,14,0
7600009,'1442836',1136,,365,12,0,14,0
7600009,'1442868',1236,,366,12,0,14,0
7600009,'1442936',1436,,367,12,0,14,0
7600009,'1442948',1306,,368,12,0,14,0
7600009,'1442960',1106,,369,12,0,14,0
7600009,'1443166',1506,,370,12,0,14,0
7600009,'1443237',1606,,371,12,0,14,0
7600009,'1443568',1636,,372,12,0,14,0
7600009,'1443930',1706,,373,12,0,14,0
7600009,'1444078',1206,,374,12,0,14,0
7600009,'1444147',1736,,375,12,0,14,0
7600009,'1444253',1036,,376,12,0,14,0
7600009,'1444707',1536,,377,12,0,14,0
