3209,'1442596',1807,,141,10,,,0
3209,'1442687',937,,142,10,,,0
3209,'1442754',637,,143,10,,,0
3209,'1442760',1407,,144,10,,,0
3209,'1442882',1737,,145,10,,,0
3209,'1442921',1337,,146,10,,,0
3209,'1442945',1537,,147,10,,,0
3209,'1443019',1037,,148,10,,,0
3209,'1443027',1737,,149,10,,,0
3209,'1443032',1137,,150,10,,,0
3209,'1443124',1007,,151,10,,,0
3209,'1443173',1707,,152,10,,,0
3209,'1443223',837,,153,10,,,0
3209,'1443230',737,,154,10,,,0
3209,'1443346',1207,,155,10,,,0
3209,'1443371',1637,,156,10,,,0
3209,'1443418',637,,157,10,,,0
3209,'1443451',1837,,158,10,,,0
3209,'1443460',1507,,159,10,,,0
3209,'1443559',1337,,160,10,,,0
3209,'1443566',1437,,161,10,,,0
3209,'1443666',937,,162,10,,,0
3209,'1443678',1437,,163,10,,,0
3209,'1443693',907,,164,10,,,0
3209,'1443729',1107,,165,10,,,0
3209,'1443750',1237,,166,10,,,0
3209,'1443756',707,,167,10,,,0
3209,'1443859',837,,168,10,,,0
3209,'1443893',1837,,169,10,,,0
3209,'1444067',1137,,170,10,,,0
3209,'1444076',737,,171,10,,,0
3209,'1444125',1307,,172,10,,,0
3209,'1444263',1037,,173,10,,,0
3209,'1444410',1607,,174,10,,,0
3209,'1444513',1237,,175,10,,,0
3209,'1444517',807,,176,10,,,0
3209,'1444645',1637,,177,10,,,0
3209,'1444700',1537,,178,10,,,0
90209,'1442632',2237,,337,10,0,9 10,0
90209,'1442824',2237,,338,10,0,9 10,0
90209,'1442866',1237,,339,10,0,9 10,0
90209,'1443008',1137,,340,10,0,9 10,0
90209,'1443149',1537,,341,10,0,9 10,0
90209,'1443169',2037,,342,10,0,9 10,0
90209,'1443298',2037,,344,10,0,9 10,0
90209,'1443323',1637,,345,10,0,9 10,0
90209,'1443365',1037,,347,10,0,9 10,0
90209,'1443389',1937,,348,10,0,9 10,0
90209,'1443612',2137,,349,10,0,9 10,0
90209,'1443718',1337,,351,10,0,9 10,0
90209,'1443721',2137,,352,10,0,9 10,0
90209,'1443889',1937,,355,10,0,9 10,0
90209,'1444136',937,,356,10,0,9 10,0
