90209,'1442632',2230,,337,1,0,9 10,0,25,,337,45,4,,0
90209,'1442824',2230,,338,1,0,9 10,0,25,,338,45,4,,0
90209,'1442866',1230,,339,1,0,9 10,0,25,,339,45,4,,0
90209,'1443008',1130,,340,1,0,9 10,0,25,,340,45,4,,0
90209,'1443149',1530,,341,1,0,9 10,0,25,,341,45,4,,0
90209,'1443169',2030,,342,1,0,9 10,0,25,,342,45,4,,0
90209,'1443298',2030,,344,1,0,9 10,0,25,,344,45,4,,0
90209,'1443323',1630,,345,1,0,9 10,0,25,,345,45,4,,0
90209,'1443365',1030,,347,1,0,9 10,0,25,,347,45,4,,0
90209,'1443389',1930,,348,1,0,9 10,0,25,,348,45,4,,0
90209,'1443612',2130,,349,1,0,9 10,0,25,,349,45,4,,0
90209,'1443718',1330,,351,1,0,9 10,0,25,,351,45,4,,0
90209,'1443721',2130,,352,1,0,9 10,0,25,,352,45,4,,0
90209,'1443889',1930,,355,1,0,9 10,0,25,,355,45,4,,0
90209,'1444136',930,,356,1,0,9 10,0,25,,356,45,4,,0
