16019,'1442759',1158,,63,29,0,5,0
16019,'1442908',1658,,64,29,0,5,0
16019,'1443382',1558,,65,29,0,5,0
16019,'1443639',958,,66,29,0,5,0
16019,'1443689',1858,,67,29,0,5,0
16019,'1443695',1058,,68,29,0,5,0
16019,'1443794',1258,,69,29,0,5,0
16019,'1443910',1458,,70,29,0,5,0
16019,'1443990',1358,,71,29,0,5,0
16019,'1444348',1758,,72,29,0,5,0
16019,'1444457',858,,73,29,0,5,0
16019,'1444527',758,,74,29,0,5,0
16019,'1444699',658,,75,29,0,5,0
16019,'1471644',658,,76,30,0,6 7,0
16019,'1471645',758,,77,30,0,6 7,0
16019,'1471646',858,,78,30,0,6 7,0
16019,'1471647',958,,79,30,0,6 7,0
16019,'1471648',1058,,80,30,0,6 7,0
16019,'1471649',1158,,81,30,0,6 7,0
16019,'1471650',1258,,82,30,0,6 7,0
16019,'1471651',1358,,83,30,0,6 7,0
16019,'1471652',1458,,84,30,0,6 7,0
16019,'1471653',1558,,85,30,0,6 7,0
16019,'1471654',1658,,86,30,0,6 7,0
16019,'1471655',1758,,87,30,0,6 7,0
16019,'1471656',1858,,88,30,0,6 7,0
16019,'1471657',728,,89,30,0,6 7,0
16019,'1471658',828,,90,30,0,6 7,0
16019,'1471659',928,,91,30,0,6 7,0
16019,'1471660',1128,,92,31,0,8,0
16019,'1471661',1628,,93,30,0,6 7,0
16019,'1471662',1228,,94,31,0,8,0
16019,'1471663',1328,,95,31,0,8,0
16019,'1471664',1728,,96,30,0,6 7,0
16019,'1471665',1828,,97,30,0,6 7,0
16019,'1471666',1028,,98,31,0,8,0
16019,'1471667',1528,,99,30,0,6 7,0
16019,'1471668',1428,,100,31,0,8,0
901019,'1481211',2252,,299,29,,,0
901019,'1481212',1952,,300,29,,,0
901019,'1481213',2052,,301,29,,,0
901019,'1481214',2152,,302,29,,,0
901019,'1481220',852,,307,29,,,0
901019,'1481221',952,,308,29,,,0
901019,'1481222',1052,,309,29,,,0
901019,'1481223',1152,,310,29,,,0
901019,'1481224',1252,,311,29,,,0
901019,'1481225',1352,,312,29,,,0
901019,'1481226',1452,,313,29,,,0
901019,'1481227',1552,,314,29,,,0
901019,'1481228',1652,,315,29,,,0
901019,'1481229',1752,,316,29,,,0
901019,'1481230',1852,,317,29,,,0
901019,'1481296',2300,,328,29,,,0
901019,'1481297',2000,,329,29,,,0
901019,'1481298',2100,,330,29,,,0
901019,'1481299',2200,,331,29,,,0
