32019,'1442596',1804,,141,6,,,0
32019,'1442687',934,,142,6,,,0
32019,'1442754',634,,143,6,,,0
32019,'1442760',1404,,144,6,,,0
32019,'1442882',1734,,145,6,,,0
32019,'1442921',1334,,146,6,,,0
32019,'1442945',1534,,147,6,,,0
32019,'1443019',1034,,148,6,,,0
32019,'1443027',1734,,149,6,,,0
32019,'1443032',1134,,150,6,,,0
32019,'1443124',1004,,151,6,,,0
32019,'1443173',1704,,152,6,,,0
32019,'1443223',834,,153,6,,,0
32019,'1443230',734,,154,6,,,0
32019,'1443346',1204,,155,6,,,0
32019,'1443371',1634,,156,6,,,0
32019,'1443418',634,,157,6,,,0
32019,'1443451',1834,,158,6,,,0
32019,'1443460',1504,,159,6,,,0
32019,'1443559',1334,,160,6,,,0
32019,'1443566',1434,,161,6,,,0
32019,'1443666',934,,162,6,,,0
32019,'1443678',1434,,163,6,,,0
32019,'1443693',904,,164,6,,,0
32019,'1443729',1104,,165,6,,,0
32019,'1443750',1234,,166,6,,,0
32019,'1443756',704,,167,6,,,0
32019,'1443859',834,,168,6,,,0
32019,'1443893',1834,,169,6,,,0
32019,'1444067',1134,,170,6,,,0
32019,'1444076',734,,171,6,,,0
32019,'1444125',1304,,172,6,,,0
32019,'1444263',1034,,173,6,,,0
32019,'1444410',1604,,174,6,,,0
32019,'1444513',1234,,175,6,,,0
32019,'1444517',804,,176,6,,,0
32019,'1444645',1634,,177,6,,,0
32019,'1444700',1534,,178,6,,,0
902019,'1442632',2233,,337,6,,,0
902019,'1442824',2233,,338,6,,,0
902019,'1442866',1233,,339,6,,,0
902019,'1443008',1133,,340,6,,,0
902019,'1443149',1533,,341,6,,,0
902019,'1443169',2033,,342,6,,,0
902019,'1443298',2033,,344,6,,,0
902019,'1443323',1633,,345,6,,,0
902019,'1443365',1033,,347,6,,,0
902019,'1443389',1933,,348,6,,,0
902019,'1443612',2133,,349,6,,,0
902019,'1443718',1333,,351,6,,,0
902019,'1443721',2133,,352,6,,,0
902019,'1443889',1933,,355,6,,,0
902019,'1444136',933,,356,6,,,0
