31019,'1442657',1318,,102,27,,,0
31019,'1442704',1752,,103,27,,,0
31019,'1442731',1118,,104,27,,,0
31019,'1442816',1052,,105,27,,,0
31019,'1442926',818,,106,27,,,0
31019,'1442939',822,,107,27,,,0
31019,'1442988',922,,108,27,,,0
31019,'1443001',1522,,109,27,,,0
31019,'1443020',1018,,110,27,,,0
31019,'1443042',952,,111,27,,,0
31019,'1443050',1322,,112,27,,,0
31019,'1443073',1518,,113,27,,,0
31019,'1443135',1422,,114,27,,,0
31019,'1443141',1552,,115,27,,,0
31019,'1443144',1152,,116,27,,,0
31019,'1443163',1222,,117,27,,,0
31019,'1443412',1452,,118,27,,,0
31019,'1443419',1352,,119,27,,,0
31019,'1443472',1252,,120,27,,,0
31019,'1443548',1418,,121,27,,,0
31019,'1443737',1818,,122,27,,,0
31019,'1443781',1852,,123,27,,,0
31019,'1443831',1822,,124,27,,,0
31019,'1443867',1218,,125,27,,,0
31019,'1443869',1022,,126,27,,,0
31019,'1443890',718,,127,27,,,0
31019,'1443895',722,,128,27,,,0
31019,'1444017',1922,,129,27,,,0
31019,'1444043',918,,130,27,,,0
31019,'1444183',1622,,131,27,,,0
31019,'1444283',1618,,132,27,,,0
31019,'1444351',1122,,133,27,,,0
31019,'1444464',1718,,134,27,,,0
31019,'1444532',852,,135,27,,,0
31019,'1444569',1652,,136,27,,,0
31019,'1444582',752,,137,27,,,0
31019,'1444595',652,,138,27,,,0
31019,'1444704',1918,,139,27,,,0
31019,'1444711',1722,,140,27,,,0
