1609,'1442759',1211,,63,45,0,5,0
1609,'1442908',1711,,64,45,0,5,0
1609,'1443382',1611,,65,45,0,5,0
1609,'1443639',1011,,66,45,0,5,0
1609,'1443689',1911,,67,45,0,5,0
1609,'1443695',1111,,68,45,0,5,0
1609,'1443794',1311,,69,45,0,5,0
1609,'1443910',1511,,70,45,0,5,0
1609,'1443990',1411,,71,45,0,5,0
1609,'1444348',1811,,72,45,0,5,0
1609,'1444457',911,,73,45,0,5,0
1609,'1444527',811,,74,45,0,5,0
1609,'1444699',711,,75,45,0,5,0
1609,'1471644',711,,76,47,0,6 7,0
1609,'1471645',811,,77,47,0,6 7,0
1609,'1471646',911,,78,47,0,6 7,0
1609,'1471647',1011,,79,47,0,6 7,0
1609,'1471648',1111,,80,47,0,6 7,0
1609,'1471649',1211,,81,47,0,6 7,0
1609,'1471650',1311,,82,47,0,6 7,0
1609,'1471651',1411,,83,47,0,6 7,0
1609,'1471652',1511,,84,47,0,6 7,0
1609,'1471653',1611,,85,47,0,6 7,0
1609,'1471654',1711,,86,47,0,6 7,0
1609,'1471655',1811,,87,47,0,6 7,0
1609,'1471656',1911,,88,47,0,6 7,0
1609,'1471657',741,,89,47,0,6 7,0
1609,'1471658',841,,90,47,0,6 7,0
1609,'1471659',941,,91,47,0,6 7,0
1609,'1471660',1141,,92,48,0,8,0
1609,'1471661',1641,,93,47,0,6 7,0
1609,'1471662',1241,,94,48,0,8,0
1609,'1471663',1341,,95,48,0,8,0
1609,'1471664',1741,,96,47,0,6 7,0
1609,'1471665',1841,,97,47,0,6 7,0
1609,'1471666',1041,,98,48,0,8,0
1609,'1471667',1541,,99,47,0,6 7,0
1609,'1471668',1441,,100,48,0,8,0
90109,'1481211',2307,,299,45,0,6,0
90109,'1481212',2007,,300,45,0,6,0
90109,'1481213',2107,,301,45,0,6,0
90109,'1481214',2207,,302,45,0,6,0
90109,'1481220',907,,307,45,0,6,0
90109,'1481221',1007,,308,45,0,6,0
90109,'1481222',1107,,309,45,0,6,0
90109,'1481223',1207,,310,45,0,6,0
90109,'1481224',1307,,311,45,0,6,0
90109,'1481225',1407,,312,45,0,6,0
90109,'1481226',1507,,313,45,0,6,0
90109,'1481227',1607,,314,45,0,6,0
90109,'1481228',1707,,315,45,0,6,0
90109,'1481229',1807,,316,45,0,6,0
90109,'1481230',1907,,317,45,0,6,0
90109,'1481296',2313,,328,45,0,6,0
90109,'1481297',2013,,329,45,0,6,0
90109,'1481298',2113,,330,45,0,6,0
90109,'1481299',2213,,331,45,0,6,0
