1609,'1442759',1144,,63,15,0,5,0
1609,'1442908',1644,,64,15,0,5,0
1609,'1443382',1544,,65,15,0,5,0
1609,'1443639',944,,66,15,0,5,0
1609,'1443689',1844,,67,15,0,5,0
1609,'1443695',1044,,68,15,0,5,0
1609,'1443794',1244,,69,15,0,5,0
1609,'1443910',1444,,70,15,0,5,0
1609,'1443990',1344,,71,15,0,5,0
1609,'1444348',1744,,72,15,0,5,0
1609,'1444457',844,,73,15,0,5,0
1609,'1444527',744,,74,15,0,5,0
1609,'1444699',644,,75,15,0,5,0
1609,'1471644',644,,76,15,0,6 7,0
1609,'1471645',744,,77,15,0,6 7,0
1609,'1471646',844,,78,15,0,6 7,0
1609,'1471647',944,,79,15,0,6 7,0
1609,'1471648',1044,,80,15,0,6 7,0
1609,'1471649',1144,,81,15,0,6 7,0
1609,'1471650',1244,,82,15,0,6 7,0
1609,'1471651',1344,,83,15,0,6 7,0
1609,'1471652',1444,,84,15,0,6 7,0
1609,'1471653',1544,,85,15,0,6 7,0
1609,'1471654',1644,,86,15,0,6 7,0
1609,'1471655',1744,,87,15,0,6 7,0
1609,'1471656',1844,,88,15,0,6 7,0
1609,'1471657',714,,89,15,0,6 7,0
1609,'1471658',814,,90,15,0,6 7,0
1609,'1471659',914,,91,15,0,6 7,0
1609,'1471660',1115,,92,16,0,8,0
1609,'1471661',1614,,93,15,0,6 7,0
1609,'1471662',1215,,94,16,0,8,0
1609,'1471663',1315,,95,16,0,8,0
1609,'1471664',1714,,96,15,0,6 7,0
1609,'1471665',1814,,97,15,0,6 7,0
1609,'1471666',1015,,98,16,0,8,0
1609,'1471667',1514,,99,15,0,6 7,0
1609,'1471668',1415,,100,16,0,8,0
90109,'1481211',2242,,299,15,0,6,0
90109,'1481212',1942,,300,15,0,6,0
90109,'1481213',2042,,301,15,0,6,0
90109,'1481214',2142,,302,15,0,6,0
90109,'1481220',842,,307,15,0,6,0
90109,'1481221',942,,308,15,0,6,0
90109,'1481222',1042,,309,15,0,6,0
90109,'1481223',1142,,310,15,0,6,0
90109,'1481224',1242,,311,15,0,6,0
90109,'1481225',1342,,312,15,0,6,0
90109,'1481226',1442,,313,15,0,6,0
90109,'1481227',1542,,314,15,0,6,0
90109,'1481228',1642,,315,15,0,6,0
90109,'1481229',1742,,316,15,0,6,0
90109,'1481230',1842,,317,15,0,6,0
90109,'1481296',2242,,328,15,0,6,0
90109,'1481297',1942,,329,15,0,6,0
90109,'1481298',2042,,330,15,0,6,0
90109,'1481299',2142,,331,15,0,6,0
