3209,'1442596',1823,,141,38,,,0
3209,'1442687',953,,142,38,,,0
3209,'1442754',653,,143,38,,,0
3209,'1442760',1423,,144,38,,,0
3209,'1442882',1753,,145,38,,,0
3209,'1442921',1353,,146,38,,,0
3209,'1442945',1553,,147,38,,,0
3209,'1443019',1053,,148,38,,,0
3209,'1443027',1753,,149,38,,,0
3209,'1443032',1153,,150,38,,,0
3209,'1443124',1023,,151,38,,,0
3209,'1443173',1723,,152,38,,,0
3209,'1443223',853,,153,38,,,0
3209,'1443230',753,,154,38,,,0
3209,'1443346',1223,,155,38,,,0
3209,'1443371',1653,,156,38,,,0
3209,'1443418',653,,157,38,,,0
3209,'1443451',1853,,158,38,,,0
3209,'1443460',1523,,159,38,,,0
3209,'1443559',1353,,160,38,,,0
3209,'1443566',1453,,161,38,,,0
3209,'1443666',953,,162,38,,,0
3209,'1443678',1453,,163,38,,,0
3209,'1443693',923,,164,38,,,0
3209,'1443729',1123,,165,38,,,0
3209,'1443750',1253,,166,38,,,0
3209,'1443756',723,,167,38,,,0
3209,'1443859',853,,168,38,,,0
3209,'1443893',1853,,169,38,,,0
3209,'1444067',1153,,170,38,,,0
3209,'1444076',753,,171,38,,,0
3209,'1444125',1323,,172,38,,,0
3209,'1444263',1053,,173,38,,,0
3209,'1444410',1623,,174,38,,,0
3209,'1444513',1253,,175,38,,,0
3209,'1444517',823,,176,38,,,0
3209,'1444645',1653,,177,38,,,0
3209,'1444700',1553,,178,38,,,0
90209,'1442632',2251,,337,38,0,9 10,0
90209,'1442824',2251,,338,38,0,9 10,0
90209,'1442866',1251,,339,38,0,9 10,0
90209,'1443008',1151,,340,38,0,9 10,0
90209,'1443149',1551,,341,38,0,9 10,0
90209,'1443169',2051,,342,38,0,9 10,0
90209,'1443298',2051,,344,38,0,9 10,0
90209,'1443323',1651,,345,38,0,9 10,0
90209,'1443365',1051,,347,38,0,9 10,0
90209,'1443389',1951,,348,38,0,9 10,0
90209,'1443612',2151,,349,38,0,9 10,0
90209,'1443718',1351,,351,38,0,9 10,0
90209,'1443721',2151,,352,38,0,9 10,0
90209,'1443889',1951,,355,38,0,9 10,0
90209,'1444136',951,,356,38,0,9 10,0
