37019,'1481156',710,,179,53,,,0
37019,'1481157',740,,180,53,,,0
37019,'1481158',810,,181,53,,,0
37019,'1481159',840,,182,53,,,0
37019,'1481160',910,,183,53,,,0
37019,'1481161',940,,184,53,,,0
37019,'1481162',1010,,185,53,,,0
37019,'1481163',1040,,186,53,,,0
37019,'1481164',1110,,187,53,,,0
37019,'1481165',1140,,188,53,,,0
37019,'1481166',1210,,189,53,,,0
37019,'1481167',1240,,190,53,,,0
37019,'1481168',1310,,191,53,,,0
37019,'1481169',1340,,192,53,,,0
37019,'1481170',1410,,193,53,,,0
37019,'1481171',1440,,194,53,,,0
37019,'1481172',1510,,195,53,,,0
37019,'1481173',1540,,196,53,,,0
37019,'1481174',1610,,197,53,,,0
37019,'1481175',1640,,198,53,,,0
37019,'1481176',1710,,199,53,,,0
37019,'1481177',1740,,200,53,,,0
37019,'1481178',1810,,201,53,,,0
37019,'1481179',1840,,202,53,,,0
37019,'1481180',1910,,203,53,,,0
37019,'1481181',1940,,204,53,,,0
37019,'1481241',714,,205,53,,,0
37019,'1481242',744,,206,53,,,0
37019,'1481243',814,,207,53,,,0
37019,'1481244',844,,208,53,,,0
37019,'1481245',914,,209,53,,,0
37019,'1481246',944,,210,53,,,0
37019,'1481247',1014,,211,53,,,0
37019,'1481248',1044,,212,53,,,0
37019,'1481249',1114,,213,53,,,0
37019,'1481250',1144,,214,53,,,0
37019,'1481251',1214,,215,53,,,0
37019,'1481252',1244,,216,53,,,0
37019,'1481253',1314,,217,53,,,0
37019,'1481254',1344,,218,53,,,0
37019,'1481255',1414,,219,53,,,0
37019,'1481256',1444,,220,53,,,0
37019,'1481257',1514,,221,53,,,0
37019,'1481258',1544,,222,53,,,0
37019,'1481259',1614,,223,53,,,0
37019,'1481260',1644,,224,53,,,0
37019,'1481261',1714,,225,53,,,0
37019,'1481262',1744,,226,53,,,0
37019,'1481263',1814,,227,53,,,0
37019,'1481264',1844,,228,53,,,0
37019,'1481265',1914,,229,53,,,0
37019,'1481266',1944,,230,53,,,0
901029,'1481215',2312,,303,48,,,0
901029,'1481216',2212,,304,48,,,0
901029,'1481217',2112,,305,48,,,0
901029,'1481218',2012,,306,48,,,0
901029,'1481231',912,,318,48,,,0
901029,'1481232',1012,,319,48,,,0
901029,'1481233',1112,,320,48,,,0
901029,'1481234',1212,,321,48,,,0
901029,'1481235',1312,,322,48,,,0
901029,'1481236',1412,,323,48,,,0
901029,'1481237',1512,,324,48,,,0
901029,'1481238',1612,,325,48,,,0
901029,'1481239',1712,,326,48,,,0
901029,'1481240',1812,,327,48,,,0
901029,'1481300',2315,,332,48,,,0
901029,'1481301',2215,,333,48,,,0
901029,'1481302',2115,,334,48,,,0
901029,'1481303',2015,,335,48,,,0
