7019,'1442686',2144,,31,24,,,0
7019,'1443170',2044,,32,24,,,0
7019,'1443421',2044,,33,24,,,0
7019,'1444160',1944,,34,24,,,0
7019,'1444518',1944,,35,24,,,0
7019,'1444604',2144,,36,24,,,0
37019,'1481156',658,,179,37,,,0
37019,'1481157',728,,180,37,,,0
37019,'1481158',758,,181,37,,,0
37019,'1481159',828,,182,37,,,0
37019,'1481160',858,,183,37,,,0
37019,'1481161',928,,184,37,,,0
37019,'1481162',958,,185,37,,,0
37019,'1481163',1028,,186,37,,,0
37019,'1481164',1058,,187,37,,,0
37019,'1481165',1128,,188,37,,,0
37019,'1481166',1158,,189,37,,,0
37019,'1481167',1228,,190,37,,,0
37019,'1481168',1258,,191,37,,,0
37019,'1481169',1328,,192,37,,,0
37019,'1481170',1358,,193,37,,,0
37019,'1481171',1428,,194,37,,,0
37019,'1481172',1458,,195,37,,,0
37019,'1481173',1528,,196,37,,,0
37019,'1481174',1558,,197,37,,,0
37019,'1481175',1628,,198,37,,,0
37019,'1481176',1658,,199,37,,,0
37019,'1481177',1728,,200,37,,,0
37019,'1481178',1758,,201,37,,,0
37019,'1481179',1828,,202,37,,,0
37019,'1481180',1858,,203,37,,,0
37019,'1481181',1928,,204,37,,,0
37019,'1481241',658,,205,37,,,0
37019,'1481242',728,,206,37,,,0
37019,'1481243',758,,207,37,,,0
37019,'1481244',828,,208,37,,,0
37019,'1481245',858,,209,37,,,0
37019,'1481246',928,,210,37,,,0
37019,'1481247',958,,211,37,,,0
37019,'1481248',1028,,212,37,,,0
37019,'1481249',1058,,213,37,,,0
37019,'1481250',1128,,214,37,,,0
37019,'1481251',1158,,215,37,,,0
37019,'1481252',1228,,216,37,,,0
37019,'1481253',1258,,217,37,,,0
37019,'1481254',1328,,218,37,,,0
37019,'1481255',1358,,219,37,,,0
37019,'1481256',1428,,220,37,,,0
37019,'1481257',1458,,221,37,,,0
37019,'1481258',1528,,222,37,,,0
37019,'1481259',1558,,223,37,,,0
37019,'1481260',1628,,224,37,,,0
37019,'1481261',1658,,225,37,,,0
37019,'1481262',1728,,226,37,,,0
37019,'1481263',1758,,227,37,,,0
37019,'1481264',1828,,228,37,,,0
37019,'1481265',1858,,229,37,,,0
37019,'1481266',1928,,230,37,,,0
38019,'1481182',656,,231,35,,,0
38019,'1481183',726,,232,35,,,0
38019,'1481184',756,,233,35,,,0
38019,'1481185',826,,234,35,,,0
38019,'1481186',856,,235,35,,,0
38019,'1481187',926,,236,35,,,0
38019,'1481188',956,,237,35,,,0
38019,'1481189',1026,,238,35,,,0
38019,'1481190',1056,,239,35,,,0
38019,'1481191',1126,,240,35,,,0
38019,'1481192',1156,,241,35,,,0
38019,'1481193',1226,,242,35,,,0
38019,'1481194',1256,,243,35,,,0
38019,'1481195',1326,,244,35,,,0
38019,'1481196',1356,,245,35,,,0
38019,'1481197',1426,,246,35,,,0
38019,'1481198',1456,,247,35,,,0
38019,'1481199',1526,,248,35,,,0
38019,'1481200',1556,,249,35,,,0
38019,'1481201',1626,,250,35,,,0
38019,'1481202',1656,,251,35,,,0
38019,'1481203',1726,,252,35,,,0
38019,'1481204',1756,,253,35,,,0
38019,'1481205',1826,,254,35,,,0
38019,'1481206',1856,,255,35,,,0
38019,'1481207',1926,,256,35,,,0
38019,'1481267',656,,257,35,,,0
38019,'1481268',726,,258,35,,,0
38019,'1481269',756,,259,35,,,0
38019,'1481270',826,,260,35,,,0
38019,'1481271',856,,261,35,,,0
38019,'1481272',926,,262,35,,,0
38019,'1481273',956,,263,35,,,0
38019,'1481274',1026,,264,35,,,0
38019,'1481275',1056,,265,35,,,0
38019,'1481276',1126,,266,35,,,0
38019,'1481277',1156,,267,35,,,0
38019,'1481278',1226,,268,35,,,0
38019,'1481279',1256,,269,35,,,0
38019,'1481280',1326,,270,35,,,0
38019,'1481281',1356,,271,35,,,0
38019,'1481282',1426,,272,35,,,0
38019,'1481283',1456,,273,35,,,0
38019,'1481284',1526,,274,35,,,0
38019,'1481285',1556,,275,35,,,0
38019,'1481286',1626,,276,35,,,0
38019,'1481287',1656,,277,35,,,0
38019,'1481288',1726,,278,35,,,0
38019,'1481289',1756,,279,35,,,0
38019,'1481290',1826,,280,35,,,0
38019,'1481291',1856,,281,35,,,0
38019,'1481292',1926,,282,35,,,0
