32019,'1442596',1824,,141,44,,,0
32019,'1442687',954,,142,44,,,0
32019,'1442754',654,,143,44,,,0
32019,'1442760',1424,,144,44,,,0
32019,'1442882',1754,,145,44,,,0
32019,'1442921',1354,,146,44,,,0
32019,'1442945',1554,,147,44,,,0
32019,'1443019',1054,,148,44,,,0
32019,'1443027',1754,,149,44,,,0
32019,'1443032',1154,,150,44,,,0
32019,'1443124',1024,,151,44,,,0
32019,'1443173',1724,,152,44,,,0
32019,'1443223',854,,153,44,,,0
32019,'1443230',754,,154,44,,,0
32019,'1443346',1224,,155,44,,,0
32019,'1443371',1654,,156,44,,,0
32019,'1443418',654,,157,44,,,0
32019,'1443451',1854,,158,44,,,0
32019,'1443460',1524,,159,44,,,0
32019,'1443559',1354,,160,44,,,0
32019,'1443566',1454,,161,44,,,0
32019,'1443666',954,,162,44,,,0
32019,'1443678',1454,,163,44,,,0
32019,'1443693',924,,164,44,,,0
32019,'1443729',1124,,165,44,,,0
32019,'1443750',1254,,166,44,,,0
32019,'1443756',724,,167,44,,,0
32019,'1443859',854,,168,44,,,0
32019,'1443893',1854,,169,44,,,0
32019,'1444067',1154,,170,44,,,0
32019,'1444076',754,,171,44,,,0
32019,'1444125',1324,,172,44,,,0
32019,'1444263',1054,,173,44,,,0
32019,'1444410',1624,,174,44,,,0
32019,'1444513',1254,,175,44,,,0
32019,'1444517',824,,176,44,,,0
32019,'1444645',1654,,177,44,,,0
32019,'1444700',1554,,178,44,,,0
902019,'1442632',2253,,337,44,,,0
902019,'1442824',2253,,338,44,,,0
902019,'1442866',1253,,339,44,,,0
902019,'1443008',1153,,340,44,,,0
902019,'1443149',1553,,341,44,,,0
902019,'1443169',2053,,342,44,,,0
902019,'1443298',2053,,344,44,,,0
902019,'1443323',1653,,345,44,,,0
902019,'1443365',1053,,347,44,,,0
902019,'1443389',1953,,348,44,,,0
902019,'1443612',2153,,349,44,,,0
902019,'1443718',1353,,351,44,,,0
902019,'1443721',2153,,352,44,,,0
902019,'1443889',1953,,355,44,,,0
902019,'1444136',953,,356,44,,,0
