9019,'1442574',1343,,37,20,,,0
9019,'1442601',1443,,38,20,,,0
9019,'1442683',1243,,39,20,,,0
9019,'1442720',743,,40,20,,,0
9019,'1442725',1343,,41,20,,,0
9019,'1442740',1543,,42,20,,,0
9019,'1442981',1543,,43,20,,,0
9019,'1443060',1043,,44,20,,,0
9019,'1443114',843,,45,20,,,0
9019,'1443507',743,,46,20,,,0
9019,'1443572',1843,,47,20,,,0
9019,'1443665',843,,48,20,,,0
9019,'1443760',1443,,49,20,,,0
9019,'1444093',943,,50,20,,,0
9019,'1444114',1643,,51,20,,,0
9019,'1444140',1643,,52,20,,,0
9019,'1444157',1743,,53,20,,,0
9019,'1444177',643,,54,20,,,0
9019,'1444202',943,,55,20,,,0
9019,'1444275',1143,,56,20,,,0
9019,'1444286',643,,57,20,,,0
9019,'1444316',1743,,58,20,,,0
9019,'1444336',1043,,59,20,,,0
9019,'1444355',1243,,60,20,,,0
9019,'1444529',1843,,61,20,,,0
9019,'1444681',1143,,62,20,,,0
