38019,'1481182',644,,231,18,,,0
38019,'1481183',714,,232,18,,,0
38019,'1481184',744,,233,18,,,0
38019,'1481185',814,,234,18,,,0
38019,'1481186',844,,235,18,,,0
38019,'1481187',914,,236,18,,,0
38019,'1481188',944,,237,18,,,0
38019,'1481189',1014,,238,18,,,0
38019,'1481190',1044,,239,18,,,0
38019,'1481191',1114,,240,18,,,0
38019,'1481192',1144,,241,18,,,0
38019,'1481193',1214,,242,18,,,0
38019,'1481194',1244,,243,18,,,0
38019,'1481195',1314,,244,18,,,0
38019,'1481196',1344,,245,18,,,0
38019,'1481197',1414,,246,18,,,0
38019,'1481198',1444,,247,18,,,0
38019,'1481199',1514,,248,18,,,0
38019,'1481200',1544,,249,18,,,0
38019,'1481201',1614,,250,18,,,0
38019,'1481202',1644,,251,18,,,0
38019,'1481203',1714,,252,18,,,0
38019,'1481204',1744,,253,18,,,0
38019,'1481205',1814,,254,18,,,0
38019,'1481206',1844,,255,18,,,0
38019,'1481207',1914,,256,18,,,0
38019,'1481267',644,,257,18,,,0
38019,'1481268',714,,258,18,,,0
38019,'1481269',744,,259,18,,,0
38019,'1481270',814,,260,18,,,0
38019,'1481271',844,,261,18,,,0
38019,'1481272',914,,262,18,,,0
38019,'1481273',944,,263,18,,,0
38019,'1481274',1014,,264,18,,,0
38019,'1481275',1044,,265,18,,,0
38019,'1481276',1114,,266,18,,,0
38019,'1481277',1144,,267,18,,,0
38019,'1481278',1214,,268,18,,,0
38019,'1481279',1244,,269,18,,,0
38019,'1481280',1314,,270,18,,,0
38019,'1481281',1344,,271,18,,,0
38019,'1481282',1414,,272,18,,,0
38019,'1481283',1444,,273,18,,,0
38019,'1481284',1514,,274,18,,,0
38019,'1481285',1544,,275,18,,,0
38019,'1481286',1614,,276,18,,,0
38019,'1481287',1644,,277,18,,,0
38019,'1481288',1714,,278,18,,,0
38019,'1481289',1744,,279,18,,,0
38019,'1481290',1814,,280,18,,,0
38019,'1481291',1844,,281,18,,,0
38019,'1481292',1914,,282,18,,,0
901029,'1481215',2243,,303,20,,,0
901029,'1481216',2143,,304,20,,,0
901029,'1481217',2043,,305,20,,,0
901029,'1481218',1943,,306,20,,,0
901029,'1481231',843,,318,20,,,0
901029,'1481232',943,,319,20,,,0
901029,'1481233',1043,,320,20,,,0
901029,'1481234',1143,,321,20,,,0
901029,'1481235',1243,,322,20,,,0
901029,'1481236',1343,,323,20,,,0
901029,'1481237',1443,,324,20,,,0
901029,'1481238',1543,,325,20,,,0
901029,'1481239',1643,,326,20,,,0
901029,'1481240',1743,,327,20,,,0
901029,'1481300',2243,,332,20,,,0
901029,'1481301',2143,,333,20,,,0
901029,'1481302',2043,,334,20,,,0
901029,'1481303',1943,,335,20,,,0
