509,'1442650',1103,,1,2,,,0
509,'1442688',1003,,2,2,,,0
509,'1442690',903,,3,2,,,0
509,'1442938',1703,,4,2,,,0
509,'1443029',1603,,5,2,,,0
509,'1443081',803,,6,2,,,0
509,'1443286',1203,,7,2,,,0
509,'1443417',1803,,8,2,,,0
509,'1443735',1403,,9,2,,,0
509,'1443904',1503,,10,2,,,0
509,'1443973',703,,11,2,,,0
509,'1444646',1303,,12,2,,,0
509,'1468946',703,,13,2,,,0
509,'1468947',803,,14,2,,,0
509,'1468948',903,,15,2,,,0
509,'1468949',1003,,16,2,,,0
509,'1468950',1103,,17,2,,,0
509,'1468951',1203,,18,2,,,0
509,'1468952',1303,,19,2,,,0
509,'1468953',1403,,20,2,,,0
509,'1468954',1503,,21,2,,,0
509,'1468955',1603,,22,2,,,0
509,'1468956',1703,,23,2,,,0
509,'1468957',1803,,24,2,,,0
