16019,'1442759',1156,,63,27,0,5,0
16019,'1442908',1656,,64,27,0,5,0
16019,'1443382',1556,,65,27,0,5,0
16019,'1443639',956,,66,27,0,5,0
16019,'1443689',1856,,67,27,0,5,0
16019,'1443695',1056,,68,27,0,5,0
16019,'1443794',1256,,69,27,0,5,0
16019,'1443910',1456,,70,27,0,5,0
16019,'1443990',1356,,71,27,0,5,0
16019,'1444348',1756,,72,27,0,5,0
16019,'1444457',856,,73,27,0,5,0
16019,'1444527',756,,74,27,0,5,0
16019,'1444699',656,,75,27,0,5,0
16019,'1471644',656,,76,28,0,6 7,0
16019,'1471645',756,,77,28,0,6 7,0
16019,'1471646',856,,78,28,0,6 7,0
16019,'1471647',956,,79,28,0,6 7,0
16019,'1471648',1056,,80,28,0,6 7,0
16019,'1471649',1156,,81,28,0,6 7,0
16019,'1471650',1256,,82,28,0,6 7,0
16019,'1471651',1356,,83,28,0,6 7,0
16019,'1471652',1456,,84,28,0,6 7,0
16019,'1471653',1556,,85,28,0,6 7,0
16019,'1471654',1656,,86,28,0,6 7,0
16019,'1471655',1756,,87,28,0,6 7,0
16019,'1471656',1856,,88,28,0,6 7,0
16019,'1471657',726,,89,28,0,6 7,0
16019,'1471658',826,,90,28,0,6 7,0
16019,'1471659',926,,91,28,0,6 7,0
16019,'1471660',1126,,92,29,0,8,0
16019,'1471661',1626,,93,28,0,6 7,0
16019,'1471662',1226,,94,29,0,8,0
16019,'1471663',1326,,95,29,0,8,0
16019,'1471664',1726,,96,28,0,6 7,0
16019,'1471665',1826,,97,28,0,6 7,0
16019,'1471666',1026,,98,29,0,8,0
16019,'1471667',1526,,99,28,0,6 7,0
16019,'1471668',1426,,100,29,0,8,0
901019,'1481211',2251,,299,27,,,0
901019,'1481212',1951,,300,27,,,0
901019,'1481213',2051,,301,27,,,0
901019,'1481214',2151,,302,27,,,0
901019,'1481220',851,,307,27,,,0
901019,'1481221',951,,308,27,,,0
901019,'1481222',1051,,309,27,,,0
901019,'1481223',1151,,310,27,,,0
901019,'1481224',1251,,311,27,,,0
901019,'1481225',1351,,312,27,,,0
901019,'1481226',1451,,313,27,,,0
901019,'1481227',1551,,314,27,,,0
901019,'1481228',1651,,315,27,,,0
901019,'1481229',1751,,316,27,,,0
901019,'1481230',1851,,317,27,,,0
901019,'1481296',2257,,328,27,,,0
901019,'1481297',1957,,329,27,,,0
901019,'1481298',2057,,330,27,,,0
901019,'1481299',2157,,331,27,,,0
