3709,'1481156',709,,179,51,,,0
3709,'1481157',739,,180,51,,,0
3709,'1481158',809,,181,51,,,0
3709,'1481159',839,,182,51,,,0
3709,'1481160',909,,183,51,,,0
3709,'1481161',939,,184,51,,,0
3709,'1481162',1009,,185,51,,,0
3709,'1481163',1039,,186,51,,,0
3709,'1481164',1109,,187,51,,,0
3709,'1481165',1139,,188,51,,,0
3709,'1481166',1209,,189,51,,,0
3709,'1481167',1239,,190,51,,,0
3709,'1481168',1309,,191,51,,,0
3709,'1481169',1339,,192,51,,,0
3709,'1481170',1409,,193,51,,,0
3709,'1481171',1439,,194,51,,,0
3709,'1481172',1509,,195,51,,,0
3709,'1481173',1539,,196,51,,,0
3709,'1481174',1609,,197,51,,,0
3709,'1481175',1639,,198,51,,,0
3709,'1481176',1709,,199,51,,,0
3709,'1481177',1739,,200,51,,,0
3709,'1481178',1809,,201,51,,,0
3709,'1481179',1839,,202,51,,,0
3709,'1481180',1909,,203,51,,,0
3709,'1481181',1939,,204,51,,,0
3709,'1481241',712,,205,51,,,0
3709,'1481242',742,,206,51,,,0
3709,'1481243',812,,207,51,,,0
3709,'1481244',842,,208,51,,,0
3709,'1481245',912,,209,51,,,0
3709,'1481246',942,,210,51,,,0
3709,'1481247',1012,,211,51,,,0
3709,'1481248',1042,,212,51,,,0
3709,'1481249',1112,,213,51,,,0
3709,'1481250',1142,,214,51,,,0
3709,'1481251',1212,,215,51,,,0
3709,'1481252',1242,,216,51,,,0
3709,'1481253',1312,,217,51,,,0
3709,'1481254',1342,,218,51,,,0
3709,'1481255',1412,,219,51,,,0
3709,'1481256',1442,,220,51,,,0
3709,'1481257',1512,,221,51,,,0
3709,'1481258',1542,,222,51,,,0
3709,'1481259',1612,,223,51,,,0
3709,'1481260',1642,,224,51,,,0
3709,'1481261',1712,,225,51,,,0
3709,'1481262',1742,,226,51,,,0
3709,'1481263',1812,,227,51,,,0
3709,'1481264',1842,,228,51,,,0
3709,'1481265',1912,,229,51,,,0
3709,'1481266',1942,,230,51,,,0
90109,'1481215',2309,,303,46,0,11 12,0
90109,'1481216',2209,,304,46,0,11 12,0
90109,'1481217',2109,,305,46,0,11 12,0
90109,'1481218',2009,,306,46,0,11 12,0
90109,'1481231',909,,318,46,0,11 12,0
90109,'1481232',1009,,319,46,0,11 12,0
90109,'1481233',1109,,320,46,0,11 12,0
90109,'1481234',1209,,321,46,0,11 12,0
90109,'1481235',1309,,322,46,0,11 12,0
90109,'1481236',1409,,323,46,0,11 12,0
90109,'1481237',1509,,324,46,0,11 12,0
90109,'1481238',1609,,325,46,0,11 12,0
90109,'1481239',1709,,326,46,0,11 12,0
90109,'1481240',1809,,327,46,0,11 12,0
90109,'1481300',2313,,332,46,0,11 12,0
90109,'1481301',2213,,333,46,0,11 12,0
90109,'1481302',2113,,334,46,0,11 12,0
90109,'1481303',2013,,335,46,0,11 12,0
