32019,'1442596',1803,,141,4,,,0
32019,'1442687',933,,142,4,,,0
32019,'1442754',633,,143,4,,,0
32019,'1442760',1403,,144,4,,,0
32019,'1442882',1733,,145,4,,,0
32019,'1442921',1333,,146,4,,,0
32019,'1442945',1533,,147,4,,,0
32019,'1443019',1033,,148,4,,,0
32019,'1443027',1733,,149,4,,,0
32019,'1443032',1133,,150,4,,,0
32019,'1443124',1003,,151,4,,,0
32019,'1443173',1703,,152,4,,,0
32019,'1443223',833,,153,4,,,0
32019,'1443230',733,,154,4,,,0
32019,'1443346',1203,,155,4,,,0
32019,'1443371',1633,,156,4,,,0
32019,'1443418',633,,157,4,,,0
32019,'1443451',1833,,158,4,,,0
32019,'1443460',1503,,159,4,,,0
32019,'1443559',1333,,160,4,,,0
32019,'1443566',1433,,161,4,,,0
32019,'1443666',933,,162,4,,,0
32019,'1443678',1433,,163,4,,,0
32019,'1443693',903,,164,4,,,0
32019,'1443729',1103,,165,4,,,0
32019,'1443750',1233,,166,4,,,0
32019,'1443756',703,,167,4,,,0
32019,'1443859',833,,168,4,,,0
32019,'1443893',1833,,169,4,,,0
32019,'1444067',1133,,170,4,,,0
32019,'1444076',733,,171,4,,,0
32019,'1444125',1303,,172,4,,,0
32019,'1444263',1033,,173,4,,,0
32019,'1444410',1603,,174,4,,,0
32019,'1444513',1233,,175,4,,,0
32019,'1444517',803,,176,4,,,0
32019,'1444645',1633,,177,4,,,0
32019,'1444700',1533,,178,4,,,0
902019,'1442632',2232,,337,4,,,0
902019,'1442824',2232,,338,4,,,0
902019,'1442866',1232,,339,4,,,0
902019,'1443008',1132,,340,4,,,0
902019,'1443149',1532,,341,4,,,0
902019,'1443169',2032,,342,4,,,0
902019,'1443298',2032,,344,4,,,0
902019,'1443323',1632,,345,4,,,0
902019,'1443365',1032,,347,4,,,0
902019,'1443389',1932,,348,4,,,0
902019,'1443612',2132,,349,4,,,0
902019,'1443718',1332,,351,4,,,0
902019,'1443721',2132,,352,4,,,0
902019,'1443889',1932,,355,4,,,0
902019,'1444136',932,,356,4,,,0
