609,'1481208',2207,,25,11,,,0
609,'1481209',2107,,26,11,,,0
609,'1481210',2007,,27,11,,,0
609,'1481293',2207,,28,11,,,0
609,'1481294',2107,,29,11,,,0
609,'1481295',2007,,30,11,,,0
3709,'1481156',639,,179,11,,,0
3709,'1481157',709,,180,11,,,0
3709,'1481158',739,,181,11,,,0
3709,'1481159',809,,182,11,,,0
3709,'1481160',839,,183,11,,,0
3709,'1481161',909,,184,11,,,0
3709,'1481162',939,,185,11,,,0
3709,'1481163',1009,,186,11,,,0
3709,'1481164',1039,,187,11,,,0
3709,'1481165',1109,,188,11,,,0
3709,'1481166',1139,,189,11,,,0
3709,'1481167',1209,,190,11,,,0
3709,'1481168',1239,,191,11,,,0
3709,'1481169',1309,,192,11,,,0
3709,'1481170',1339,,193,11,,,0
3709,'1481171',1409,,194,11,,,0
3709,'1481172',1439,,195,11,,,0
3709,'1481173',1509,,196,11,,,0
3709,'1481174',1539,,197,11,,,0
3709,'1481175',1609,,198,11,,,0
3709,'1481176',1639,,199,11,,,0
3709,'1481177',1709,,200,11,,,0
3709,'1481178',1739,,201,11,,,0
3709,'1481179',1809,,202,11,,,0
3709,'1481180',1839,,203,11,,,0
3709,'1481181',1909,,204,11,,,0
3709,'1481241',639,,205,11,,,0
3709,'1481242',709,,206,11,,,0
3709,'1481243',739,,207,11,,,0
3709,'1481244',809,,208,11,,,0
3709,'1481245',839,,209,11,,,0
3709,'1481246',909,,210,11,,,0
3709,'1481247',939,,211,11,,,0
3709,'1481248',1009,,212,11,,,0
3709,'1481249',1039,,213,11,,,0
3709,'1481250',1109,,214,11,,,0
3709,'1481251',1139,,215,11,,,0
3709,'1481252',1209,,216,11,,,0
3709,'1481253',1239,,217,11,,,0
3709,'1481254',1309,,218,11,,,0
3709,'1481255',1339,,219,11,,,0
3709,'1481256',1409,,220,11,,,0
3709,'1481257',1439,,221,11,,,0
3709,'1481258',1509,,222,11,,,0
3709,'1481259',1539,,223,11,,,0
3709,'1481260',1609,,224,11,,,0
3709,'1481261',1639,,225,11,,,0
3709,'1481262',1709,,226,11,,,0
3709,'1481263',1739,,227,11,,,0
3709,'1481264',1809,,228,11,,,0
3709,'1481265',1839,,229,11,,,0
3709,'1481266',1909,,230,11,,,0
3809,'1481182',659,,231,39,,,0
3809,'1481183',729,,232,39,,,0
3809,'1481184',759,,233,39,,,0
3809,'1481185',829,,234,39,,,0
3809,'1481186',859,,235,39,,,0
3809,'1481187',929,,236,39,,,0
3809,'1481188',959,,237,39,,,0
3809,'1481189',1029,,238,39,,,0
3809,'1481190',1059,,239,39,,,0
3809,'1481191',1129,,240,39,,,0
3809,'1481192',1159,,241,39,,,0
3809,'1481193',1229,,242,39,,,0
3809,'1481194',1259,,243,39,,,0
3809,'1481195',1329,,244,39,,,0
3809,'1481196',1359,,245,39,,,0
3809,'1481197',1429,,246,39,,,0
3809,'1481198',1459,,247,39,,,0
3809,'1481199',1529,,248,39,,,0
3809,'1481200',1559,,249,39,,,0
3809,'1481201',1629,,250,39,,,0
3809,'1481202',1659,,251,39,,,0
3809,'1481203',1729,,252,39,,,0
3809,'1481204',1759,,253,39,,,0
3809,'1481205',1829,,254,39,,,0
3809,'1481206',1859,,255,39,,,0
3809,'1481207',1929,,256,39,,,0
3809,'1481267',659,,257,39,,,0
3809,'1481268',729,,258,39,,,0
3809,'1481269',759,,259,39,,,0
3809,'1481270',829,,260,39,,,0
3809,'1481271',859,,261,39,,,0
3809,'1481272',929,,262,39,,,0
3809,'1481273',959,,263,39,,,0
3809,'1481274',1029,,264,39,,,0
3809,'1481275',1059,,265,39,,,0
3809,'1481276',1129,,266,39,,,0
3809,'1481277',1159,,267,39,,,0
3809,'1481278',1229,,268,39,,,0
3809,'1481279',1259,,269,39,,,0
3809,'1481280',1329,,270,39,,,0
3809,'1481281',1359,,271,39,,,0
3809,'1481282',1429,,272,39,,,0
3809,'1481283',1459,,273,39,,,0
3809,'1481284',1529,,274,39,,,0
3809,'1481285',1559,,275,39,,,0
3809,'1481286',1629,,276,39,,,0
3809,'1481287',1659,,277,39,,,0
3809,'1481288',1729,,278,39,,,0
3809,'1481289',1759,,279,39,,,0
3809,'1481290',1829,,280,39,,,0
3809,'1481291',1859,,281,39,,,0
3809,'1481292',1929,,282,39,,,0
