6019,'1481208',2203,,25,5,,,0
6019,'1481209',2103,,26,5,,,0
6019,'1481210',2003,,27,5,,,0
6019,'1481293',2203,,28,5,,,0
6019,'1481294',2103,,29,5,,,0
6019,'1481295',2003,,30,5,,,0
7019,'1442686',2134,,31,5,0,5 15,0
7019,'1443170',2034,,32,5,0,5 15,0
7019,'1443421',2034,,33,5,0,5 15,0
7019,'1444160',1934,,34,5,0,5 15,0
7019,'1444518',1934,,35,5,0,5 15,0
7019,'1444604',2134,,36,5,0,5 15,0
37019,'1481156',634,,179,5,,,0
37019,'1481157',704,,180,5,,,0
37019,'1481158',734,,181,5,,,0
37019,'1481159',804,,182,5,,,0
37019,'1481160',834,,183,5,,,0
37019,'1481161',904,,184,5,,,0
37019,'1481162',934,,185,5,,,0
37019,'1481163',1004,,186,5,,,0
37019,'1481164',1034,,187,5,,,0
37019,'1481165',1104,,188,5,,,0
37019,'1481166',1134,,189,5,,,0
37019,'1481167',1204,,190,5,,,0
37019,'1481168',1234,,191,5,,,0
37019,'1481169',1304,,192,5,,,0
37019,'1481170',1334,,193,5,,,0
37019,'1481171',1404,,194,5,,,0
37019,'1481172',1434,,195,5,,,0
37019,'1481173',1504,,196,5,,,0
37019,'1481174',1534,,197,5,,,0
37019,'1481175',1604,,198,5,,,0
37019,'1481176',1634,,199,5,,,0
37019,'1481177',1704,,200,5,,,0
37019,'1481178',1734,,201,5,,,0
37019,'1481179',1804,,202,5,,,0
37019,'1481180',1834,,203,5,,,0
37019,'1481181',1904,,204,5,,,0
37019,'1481241',634,,205,5,,,0
37019,'1481242',704,,206,5,,,0
37019,'1481243',734,,207,5,,,0
37019,'1481244',804,,208,5,,,0
37019,'1481245',834,,209,5,,,0
37019,'1481246',904,,210,5,,,0
37019,'1481247',934,,211,5,,,0
37019,'1481248',1004,,212,5,,,0
37019,'1481249',1034,,213,5,,,0
37019,'1481250',1104,,214,5,,,0
37019,'1481251',1134,,215,5,,,0
37019,'1481252',1204,,216,5,,,0
37019,'1481253',1234,,217,5,,,0
37019,'1481254',1304,,218,5,,,0
37019,'1481255',1334,,219,5,,,0
37019,'1481256',1404,,220,5,,,0
37019,'1481257',1434,,221,5,,,0
37019,'1481258',1504,,222,5,,,0
37019,'1481259',1534,,223,5,,,0
37019,'1481260',1604,,224,5,,,0
37019,'1481261',1634,,225,5,,,0
37019,'1481262',1704,,226,5,,,0
37019,'1481263',1734,,227,5,,,0
37019,'1481264',1804,,228,5,,,0
37019,'1481265',1834,,229,5,,,0
37019,'1481266',1904,,230,5,,,0
76000019,'1442746',1003,,364,5,0,14,0
76000019,'1442836',1133,,365,5,0,14,0
76000019,'1442868',1233,,366,5,0,14,0
76000019,'1442936',1433,,367,5,0,14,0
76000019,'1442948',1303,,368,5,0,14,0
76000019,'1442960',1103,,369,5,0,14,0
76000019,'1443166',1503,,370,5,0,14,0
76000019,'1443237',1603,,371,5,0,14,0
76000019,'1443568',1633,,372,5,0,14,0
76000019,'1443930',1703,,373,5,0,14,0
76000019,'1444078',1203,,374,5,0,14,0
76000019,'1444147',1733,,375,5,0,14,0
76000019,'1444253',1033,,376,5,0,14,0
76000019,'1444707',1533,,377,5,0,14,0
