6019,'1481208',2206,,25,10,,,0
6019,'1481209',2106,,26,10,,,0
6019,'1481210',2006,,27,10,,,0
6019,'1481293',2206,,28,10,,,0
6019,'1481294',2106,,29,10,,,0
6019,'1481295',2006,,30,10,,,0
37019,'1481156',638,,179,10,,,0
37019,'1481157',708,,180,10,,,0
37019,'1481158',738,,181,10,,,0
37019,'1481159',808,,182,10,,,0
37019,'1481160',838,,183,10,,,0
37019,'1481161',908,,184,10,,,0
37019,'1481162',938,,185,10,,,0
37019,'1481163',1008,,186,10,,,0
37019,'1481164',1038,,187,10,,,0
37019,'1481165',1108,,188,10,,,0
37019,'1481166',1138,,189,10,,,0
37019,'1481167',1208,,190,10,,,0
37019,'1481168',1238,,191,10,,,0
37019,'1481169',1308,,192,10,,,0
37019,'1481170',1338,,193,10,,,0
37019,'1481171',1408,,194,10,,,0
37019,'1481172',1438,,195,10,,,0
37019,'1481173',1508,,196,10,,,0
37019,'1481174',1538,,197,10,,,0
37019,'1481175',1608,,198,10,,,0
37019,'1481176',1638,,199,10,,,0
37019,'1481177',1708,,200,10,,,0
37019,'1481178',1738,,201,10,,,0
37019,'1481179',1808,,202,10,,,0
37019,'1481180',1838,,203,10,,,0
37019,'1481181',1908,,204,10,,,0
37019,'1481241',638,,205,10,,,0
37019,'1481242',708,,206,10,,,0
37019,'1481243',738,,207,10,,,0
37019,'1481244',808,,208,10,,,0
37019,'1481245',838,,209,10,,,0
37019,'1481246',908,,210,10,,,0
37019,'1481247',938,,211,10,,,0
37019,'1481248',1008,,212,10,,,0
37019,'1481249',1038,,213,10,,,0
37019,'1481250',1108,,214,10,,,0
37019,'1481251',1138,,215,10,,,0
37019,'1481252',1208,,216,10,,,0
37019,'1481253',1238,,217,10,,,0
37019,'1481254',1308,,218,10,,,0
37019,'1481255',1338,,219,10,,,0
37019,'1481256',1408,,220,10,,,0
37019,'1481257',1438,,221,10,,,0
37019,'1481258',1508,,222,10,,,0
37019,'1481259',1538,,223,10,,,0
37019,'1481260',1608,,224,10,,,0
37019,'1481261',1638,,225,10,,,0
37019,'1481262',1708,,226,10,,,0
37019,'1481263',1738,,227,10,,,0
37019,'1481264',1808,,228,10,,,0
37019,'1481265',1838,,229,10,,,0
37019,'1481266',1908,,230,10,,,0
38019,'1481182',658,,231,38,,,0
38019,'1481183',728,,232,38,,,0
38019,'1481184',758,,233,38,,,0
38019,'1481185',828,,234,38,,,0
38019,'1481186',858,,235,38,,,0
38019,'1481187',928,,236,38,,,0
38019,'1481188',958,,237,38,,,0
38019,'1481189',1028,,238,38,,,0
38019,'1481190',1058,,239,38,,,0
38019,'1481191',1128,,240,38,,,0
38019,'1481192',1158,,241,38,,,0
38019,'1481193',1228,,242,38,,,0
38019,'1481194',1258,,243,38,,,0
38019,'1481195',1328,,244,38,,,0
38019,'1481196',1358,,245,38,,,0
38019,'1481197',1428,,246,38,,,0
38019,'1481198',1458,,247,38,,,0
38019,'1481199',1528,,248,38,,,0
38019,'1481200',1558,,249,38,,,0
38019,'1481201',1628,,250,38,,,0
38019,'1481202',1658,,251,38,,,0
38019,'1481203',1728,,252,38,,,0
38019,'1481204',1758,,253,38,,,0
38019,'1481205',1828,,254,38,,,0
38019,'1481206',1858,,255,38,,,0
38019,'1481207',1928,,256,38,,,0
38019,'1481267',658,,257,38,,,0
38019,'1481268',728,,258,38,,,0
38019,'1481269',758,,259,38,,,0
38019,'1481270',828,,260,38,,,0
38019,'1481271',858,,261,38,,,0
38019,'1481272',928,,262,38,,,0
38019,'1481273',958,,263,38,,,0
38019,'1481274',1028,,264,38,,,0
38019,'1481275',1058,,265,38,,,0
38019,'1481276',1128,,266,38,,,0
38019,'1481277',1158,,267,38,,,0
38019,'1481278',1228,,268,38,,,0
38019,'1481279',1258,,269,38,,,0
38019,'1481280',1328,,270,38,,,0
38019,'1481281',1358,,271,38,,,0
38019,'1481282',1428,,272,38,,,0
38019,'1481283',1458,,273,38,,,0
38019,'1481284',1528,,274,38,,,0
38019,'1481285',1558,,275,38,,,0
38019,'1481286',1628,,276,38,,,0
38019,'1481287',1658,,277,38,,,0
38019,'1481288',1728,,278,38,,,0
38019,'1481289',1758,,279,38,,,0
38019,'1481290',1828,,280,38,,,0
38019,'1481291',1858,,281,38,,,0
38019,'1481292',1928,,282,38,,,0
