709,'1442686',2137,,31,13,0,5 15,0
709,'1443170',2037,,32,13,0,5 15,0
709,'1443421',2038,,33,13,0,5 15,0
709,'1444160',1938,,34,13,0,5 15,0
709,'1444518',1937,,35,13,0,5 15,0
709,'1444604',2138,,36,13,0,5 15,0
3709,'1481156',654,,179,30,,,0
3709,'1481157',724,,180,30,,,0
3709,'1481158',754,,181,30,,,0
3709,'1481159',824,,182,30,,,0
3709,'1481160',854,,183,30,,,0
3709,'1481161',924,,184,30,,,0
3709,'1481162',954,,185,30,,,0
3709,'1481163',1024,,186,30,,,0
3709,'1481164',1054,,187,30,,,0
3709,'1481165',1124,,188,30,,,0
3709,'1481166',1154,,189,30,,,0
3709,'1481167',1224,,190,30,,,0
3709,'1481168',1254,,191,30,,,0
3709,'1481169',1324,,192,30,,,0
3709,'1481170',1354,,193,30,,,0
3709,'1481171',1424,,194,30,,,0
3709,'1481172',1454,,195,30,,,0
3709,'1481173',1524,,196,30,,,0
3709,'1481174',1554,,197,30,,,0
3709,'1481175',1624,,198,30,,,0
3709,'1481176',1654,,199,30,,,0
3709,'1481177',1724,,200,30,,,0
3709,'1481178',1754,,201,30,,,0
3709,'1481179',1824,,202,30,,,0
3709,'1481180',1854,,203,30,,,0
3709,'1481181',1924,,204,30,,,0
3709,'1481241',654,,205,30,,,0
3709,'1481242',724,,206,30,,,0
3709,'1481243',754,,207,30,,,0
3709,'1481244',824,,208,30,,,0
3709,'1481245',854,,209,30,,,0
3709,'1481246',924,,210,30,,,0
3709,'1481247',954,,211,30,,,0
3709,'1481248',1024,,212,30,,,0
3709,'1481249',1054,,213,30,,,0
3709,'1481250',1124,,214,30,,,0
3709,'1481251',1154,,215,30,,,0
3709,'1481252',1224,,216,30,,,0
3709,'1481253',1254,,217,30,,,0
3709,'1481254',1324,,218,30,,,0
3709,'1481255',1354,,219,30,,,0
3709,'1481256',1424,,220,30,,,0
3709,'1481257',1454,,221,30,,,0
3709,'1481258',1524,,222,30,,,0
3709,'1481259',1554,,223,30,,,0
3709,'1481260',1624,,224,30,,,0
3709,'1481261',1654,,225,30,,,0
3709,'1481262',1724,,226,30,,,0
3709,'1481263',1754,,227,30,,,0
3709,'1481264',1824,,228,30,,,0
3709,'1481265',1854,,229,30,,,0
3709,'1481266',1924,,230,30,,,0
3809,'1481182',653,,231,28,,,0
3809,'1481183',723,,232,28,,,0
3809,'1481184',753,,233,28,,,0
3809,'1481185',823,,234,28,,,0
3809,'1481186',853,,235,28,,,0
3809,'1481187',923,,236,28,,,0
3809,'1481188',953,,237,28,,,0
3809,'1481189',1023,,238,28,,,0
3809,'1481190',1053,,239,28,,,0
3809,'1481191',1123,,240,28,,,0
3809,'1481192',1153,,241,28,,,0
3809,'1481193',1223,,242,28,,,0
3809,'1481194',1253,,243,28,,,0
3809,'1481195',1323,,244,28,,,0
3809,'1481196',1353,,245,28,,,0
3809,'1481197',1423,,246,28,,,0
3809,'1481198',1453,,247,28,,,0
3809,'1481199',1523,,248,28,,,0
3809,'1481200',1553,,249,28,,,0
3809,'1481201',1623,,250,28,,,0
3809,'1481202',1653,,251,28,,,0
3809,'1481203',1723,,252,28,,,0
3809,'1481204',1753,,253,28,,,0
3809,'1481205',1823,,254,28,,,0
3809,'1481206',1853,,255,28,,,0
3809,'1481207',1923,,256,28,,,0
3809,'1481267',653,,257,28,,,0
3809,'1481268',723,,258,28,,,0
3809,'1481269',753,,259,28,,,0
3809,'1481270',823,,260,28,,,0
3809,'1481271',853,,261,28,,,0
3809,'1481272',923,,262,28,,,0
3809,'1481273',953,,263,28,,,0
3809,'1481274',1023,,264,28,,,0
3809,'1481275',1053,,265,28,,,0
3809,'1481276',1123,,266,28,,,0
3809,'1481277',1153,,267,28,,,0
3809,'1481278',1223,,268,28,,,0
3809,'1481279',1253,,269,28,,,0
3809,'1481280',1323,,270,28,,,0
3809,'1481281',1353,,271,28,,,0
3809,'1481282',1423,,272,28,,,0
3809,'1481283',1453,,273,28,,,0
3809,'1481284',1523,,274,28,,,0
3809,'1481285',1553,,275,28,,,0
3809,'1481286',1623,,276,28,,,0
3809,'1481287',1653,,277,28,,,0
3809,'1481288',1723,,278,28,,,0
3809,'1481289',1753,,279,28,,,0
3809,'1481290',1823,,280,28,,,0
3809,'1481291',1853,,281,28,,,0
3809,'1481292',1923,,282,28,,,0
7600009,'1442746',1007,,364,13,0,14,0
7600009,'1442836',1137,,365,13,0,14,0
7600009,'1442868',1237,,366,13,0,14,0
7600009,'1442936',1437,,367,13,0,14,0
7600009,'1442948',1307,,368,13,0,14,0
7600009,'1442960',1107,,369,13,0,14,0
7600009,'1443166',1507,,370,13,0,14,0
7600009,'1443237',1607,,371,13,0,14,0
7600009,'1443568',1637,,372,13,0,14,0
7600009,'1443930',1707,,373,13,0,14,0
7600009,'1444078',1207,,374,13,0,14,0
7600009,'1444147',1737,,375,13,0,14,0
7600009,'1444253',1037,,376,13,0,14,0
7600009,'1444707',1537,,377,13,0,14,0
