709,'1442686',2138,,31,15,0,5 15,0
709,'1443170',2038,,32,15,0,5 15,0
709,'1443421',2039,,33,15,0,5 15,0
709,'1444160',1939,,34,15,0,5 15,0
709,'1444518',1938,,35,15,0,5 15,0
709,'1444604',2139,,36,15,0,5 15,0
3709,'1481156',656,,179,32,,,0
3709,'1481157',726,,180,32,,,0
3709,'1481158',756,,181,32,,,0
3709,'1481159',826,,182,32,,,0
3709,'1481160',856,,183,32,,,0
3709,'1481161',926,,184,32,,,0
3709,'1481162',956,,185,32,,,0
3709,'1481163',1026,,186,32,,,0
3709,'1481164',1056,,187,32,,,0
3709,'1481165',1126,,188,32,,,0
3709,'1481166',1156,,189,32,,,0
3709,'1481167',1226,,190,32,,,0
3709,'1481168',1256,,191,32,,,0
3709,'1481169',1326,,192,32,,,0
3709,'1481170',1356,,193,32,,,0
3709,'1481171',1426,,194,32,,,0
3709,'1481172',1456,,195,32,,,0
3709,'1481173',1526,,196,32,,,0
3709,'1481174',1556,,197,32,,,0
3709,'1481175',1626,,198,32,,,0
3709,'1481176',1656,,199,32,,,0
3709,'1481177',1726,,200,32,,,0
3709,'1481178',1756,,201,32,,,0
3709,'1481179',1826,,202,32,,,0
3709,'1481180',1856,,203,32,,,0
3709,'1481181',1926,,204,32,,,0
3709,'1481241',656,,205,32,,,0
3709,'1481242',726,,206,32,,,0
3709,'1481243',756,,207,32,,,0
3709,'1481244',826,,208,32,,,0
3709,'1481245',856,,209,32,,,0
3709,'1481246',926,,210,32,,,0
3709,'1481247',956,,211,32,,,0
3709,'1481248',1026,,212,32,,,0
3709,'1481249',1056,,213,32,,,0
3709,'1481250',1126,,214,32,,,0
3709,'1481251',1156,,215,32,,,0
3709,'1481252',1226,,216,32,,,0
3709,'1481253',1256,,217,32,,,0
3709,'1481254',1326,,218,32,,,0
3709,'1481255',1356,,219,32,,,0
3709,'1481256',1426,,220,32,,,0
3709,'1481257',1456,,221,32,,,0
3709,'1481258',1526,,222,32,,,0
3709,'1481259',1556,,223,32,,,0
3709,'1481260',1626,,224,32,,,0
3709,'1481261',1656,,225,32,,,0
3709,'1481262',1726,,226,32,,,0
3709,'1481263',1756,,227,32,,,0
3709,'1481264',1826,,228,32,,,0
3709,'1481265',1856,,229,32,,,0
3709,'1481266',1926,,230,32,,,0
3809,'1481182',654,,231,30,,,0
3809,'1481183',724,,232,30,,,0
3809,'1481184',754,,233,30,,,0
3809,'1481185',824,,234,30,,,0
3809,'1481186',854,,235,30,,,0
3809,'1481187',924,,236,30,,,0
3809,'1481188',954,,237,30,,,0
3809,'1481189',1024,,238,30,,,0
3809,'1481190',1054,,239,30,,,0
3809,'1481191',1124,,240,30,,,0
3809,'1481192',1154,,241,30,,,0
3809,'1481193',1224,,242,30,,,0
3809,'1481194',1254,,243,30,,,0
3809,'1481195',1324,,244,30,,,0
3809,'1481196',1354,,245,30,,,0
3809,'1481197',1424,,246,30,,,0
3809,'1481198',1454,,247,30,,,0
3809,'1481199',1524,,248,30,,,0
3809,'1481200',1554,,249,30,,,0
3809,'1481201',1624,,250,30,,,0
3809,'1481202',1654,,251,30,,,0
3809,'1481203',1724,,252,30,,,0
3809,'1481204',1754,,253,30,,,0
3809,'1481205',1824,,254,30,,,0
3809,'1481206',1854,,255,30,,,0
3809,'1481207',1924,,256,30,,,0
3809,'1481267',654,,257,30,,,0
3809,'1481268',724,,258,30,,,0
3809,'1481269',754,,259,30,,,0
3809,'1481270',824,,260,30,,,0
3809,'1481271',854,,261,30,,,0
3809,'1481272',924,,262,30,,,0
3809,'1481273',954,,263,30,,,0
3809,'1481274',1024,,264,30,,,0
3809,'1481275',1054,,265,30,,,0
3809,'1481276',1124,,266,30,,,0
3809,'1481277',1154,,267,30,,,0
3809,'1481278',1224,,268,30,,,0
3809,'1481279',1254,,269,30,,,0
3809,'1481280',1324,,270,30,,,0
3809,'1481281',1354,,271,30,,,0
3809,'1481282',1424,,272,30,,,0
3809,'1481283',1454,,273,30,,,0
3809,'1481284',1524,,274,30,,,0
3809,'1481285',1554,,275,30,,,0
3809,'1481286',1624,,276,30,,,0
3809,'1481287',1654,,277,30,,,0
3809,'1481288',1724,,278,30,,,0
3809,'1481289',1754,,279,30,,,0
3809,'1481290',1824,,280,30,,,0
3809,'1481291',1854,,281,30,,,0
3809,'1481292',1924,,282,30,,,0
7600009,'1442746',1008,,364,15,0,14,0
7600009,'1442836',1138,,365,15,0,14,0
7600009,'1442868',1238,,366,15,0,14,0
7600009,'1442936',1438,,367,15,0,14,0
7600009,'1442948',1308,,368,15,0,14,0
7600009,'1442960',1108,,369,15,0,14,0
7600009,'1443166',1508,,370,15,0,14,0
7600009,'1443237',1608,,371,15,0,14,0
7600009,'1443568',1638,,372,15,0,14,0
7600009,'1443930',1708,,373,15,0,14,0
7600009,'1444078',1208,,374,15,0,14,0
7600009,'1444147',1738,,375,15,0,14,0
7600009,'1444253',1038,,376,15,0,14,0
7600009,'1444707',1538,,377,15,0,14,0
