32019,'1442596',1817,,141,27,,,0
32019,'1442687',947,,142,27,,,0
32019,'1442754',647,,143,27,,,0
32019,'1442760',1417,,144,27,,,0
32019,'1442882',1747,,145,27,,,0
32019,'1442921',1347,,146,27,,,0
32019,'1442945',1547,,147,27,,,0
32019,'1443019',1047,,148,27,,,0
32019,'1443027',1747,,149,27,,,0
32019,'1443032',1147,,150,27,,,0
32019,'1443124',1017,,151,27,,,0
32019,'1443173',1717,,152,27,,,0
32019,'1443223',847,,153,27,,,0
32019,'1443230',747,,154,27,,,0
32019,'1443346',1217,,155,27,,,0
32019,'1443371',1647,,156,27,,,0
32019,'1443418',647,,157,27,,,0
32019,'1443451',1847,,158,27,,,0
32019,'1443460',1517,,159,27,,,0
32019,'1443559',1347,,160,27,,,0
32019,'1443566',1447,,161,27,,,0
32019,'1443666',947,,162,27,,,0
32019,'1443678',1447,,163,27,,,0
32019,'1443693',917,,164,27,,,0
32019,'1443729',1117,,165,27,,,0
32019,'1443750',1247,,166,27,,,0
32019,'1443756',717,,167,27,,,0
32019,'1443859',847,,168,27,,,0
32019,'1443893',1847,,169,27,,,0
32019,'1444067',1147,,170,27,,,0
32019,'1444076',747,,171,27,,,0
32019,'1444125',1317,,172,27,,,0
32019,'1444263',1047,,173,27,,,0
32019,'1444410',1617,,174,27,,,0
32019,'1444513',1247,,175,27,,,0
32019,'1444517',817,,176,27,,,0
32019,'1444645',1647,,177,27,,,0
32019,'1444700',1547,,178,27,,,0
902019,'1442632',2246,,337,27,,,0
902019,'1442824',2246,,338,27,,,0
902019,'1442866',1246,,339,27,,,0
902019,'1443008',1146,,340,27,,,0
902019,'1443149',1546,,341,27,,,0
902019,'1443169',2046,,342,27,,,0
902019,'1443298',2046,,344,27,,,0
902019,'1443323',1646,,345,27,,,0
902019,'1443365',1046,,347,27,,,0
902019,'1443389',1946,,348,27,,,0
902019,'1443612',2146,,349,27,,,0
902019,'1443718',1346,,351,27,,,0
902019,'1443721',2146,,352,27,,,0
902019,'1443889',1946,,355,27,,,0
902019,'1444136',946,,356,27,,,0
