901029,'1481215',2238,,303,11,,,0
901029,'1481216',2138,,304,11,,,0
901029,'1481217',2038,,305,11,,,0
901029,'1481218',1938,,306,11,,,0
901029,'1481231',838,,318,11,,,0
901029,'1481232',938,,319,11,,,0
901029,'1481233',1038,,320,11,,,0
901029,'1481234',1138,,321,11,,,0
901029,'1481235',1238,,322,11,,,0
901029,'1481236',1338,,323,11,,,0
901029,'1481237',1438,,324,11,,,0
901029,'1481238',1538,,325,11,,,0
901029,'1481239',1638,,326,11,,,0
901029,'1481240',1738,,327,11,,,0
901029,'1481300',2238,,332,11,,,0
901029,'1481301',2138,,333,11,,,0
901029,'1481302',2038,,334,11,,,0
901029,'1481303',1938,,335,11,,,0
