9019,'1442574',1332,,37,5,,,0
9019,'1442601',1432,,38,5,,,0
9019,'1442683',1232,,39,5,,,0
9019,'1442720',732,,40,5,,,0
9019,'1442725',1332,,41,5,,,0
9019,'1442740',1532,,42,5,,,0
9019,'1442981',1532,,43,5,,,0
9019,'1443060',1032,,44,5,,,0
9019,'1443114',832,,45,5,,,0
9019,'1443507',732,,46,5,,,0
9019,'1443572',1832,,47,5,,,0
9019,'1443665',832,,48,5,,,0
9019,'1443760',1432,,49,5,,,0
9019,'1444093',932,,50,5,,,0
9019,'1444114',1632,,51,5,,,0
9019,'1444140',1632,,52,5,,,0
9019,'1444157',1732,,53,5,,,0
9019,'1444177',632,,54,5,,,0
9019,'1444202',932,,55,5,,,0
9019,'1444275',1132,,56,5,,,0
9019,'1444286',632,,57,5,,,0
9019,'1444316',1732,,58,5,,,0
9019,'1444336',1032,,59,5,,,0
9019,'1444355',1232,,60,5,,,0
9019,'1444529',1832,,61,5,,,0
9019,'1444681',1132,,62,5,,,0
16019,'1442759',1133,,63,4,0,5,0
16019,'1442908',1633,,64,4,0,5,0
16019,'1443382',1533,,65,4,0,5,0
16019,'1443639',933,,66,4,0,5,0
16019,'1443689',1833,,67,4,0,5,0
16019,'1443695',1033,,68,4,0,5,0
16019,'1443794',1233,,69,4,0,5,0
16019,'1443910',1433,,70,4,0,5,0
16019,'1443990',1333,,71,4,0,5,0
16019,'1444348',1733,,72,4,0,5,0
16019,'1444457',833,,73,4,0,5,0
16019,'1444527',733,,74,4,0,5,0
16019,'1444699',633,,75,4,0,5,0
16019,'1471644',633,,76,4,0,6 7,0
16019,'1471645',733,,77,4,0,6 7,0
16019,'1471646',833,,78,4,0,6 7,0
16019,'1471647',933,,79,4,0,6 7,0
16019,'1471648',1033,,80,4,0,6 7,0
16019,'1471649',1133,,81,4,0,6 7,0
16019,'1471650',1233,,82,4,0,6 7,0
16019,'1471651',1333,,83,4,0,6 7,0
16019,'1471652',1433,,84,4,0,6 7,0
16019,'1471653',1533,,85,4,0,6 7,0
16019,'1471654',1633,,86,4,0,6 7,0
16019,'1471655',1733,,87,4,0,6 7,0
16019,'1471656',1833,,88,4,0,6 7,0
16019,'1471657',703,,89,4,0,6 7,0
16019,'1471658',803,,90,4,0,6 7,0
16019,'1471659',903,,91,4,0,6 7,0
16019,'1471660',1103,,92,4,0,8,0
16019,'1471661',1603,,93,4,0,6 7,0
16019,'1471662',1203,,94,4,0,8,0
16019,'1471663',1303,,95,4,0,8,0
16019,'1471664',1703,,96,4,0,6 7,0
16019,'1471665',1803,,97,4,0,6 7,0
16019,'1471666',1003,,98,4,0,8,0
16019,'1471667',1503,,99,4,0,6 7,0
16019,'1471668',1403,,100,4,0,8,0
901019,'1481211',2232,,299,4,,,0
901019,'1481212',1932,,300,4,,,0
901019,'1481213',2032,,301,4,,,0
901019,'1481214',2132,,302,4,,,0
901019,'1481220',832,,307,4,,,0
901019,'1481221',932,,308,4,,,0
901019,'1481222',1032,,309,4,,,0
901019,'1481223',1132,,310,4,,,0
901019,'1481224',1232,,311,4,,,0
901019,'1481225',1332,,312,4,,,0
901019,'1481226',1432,,313,4,,,0
901019,'1481227',1532,,314,4,,,0
901019,'1481228',1632,,315,4,,,0
901019,'1481229',1732,,316,4,,,0
901019,'1481230',1832,,317,4,,,0
901019,'1481296',2232,,328,4,,,0
901019,'1481297',1932,,329,4,,,0
901019,'1481298',2032,,330,4,,,0
901019,'1481299',2132,,331,4,,,0
