3209,'1442596',1816,,141,25,,,0
3209,'1442687',946,,142,25,,,0
3209,'1442754',646,,143,25,,,0
3209,'1442760',1416,,144,25,,,0
3209,'1442882',1746,,145,25,,,0
3209,'1442921',1346,,146,25,,,0
3209,'1442945',1546,,147,25,,,0
3209,'1443019',1046,,148,25,,,0
3209,'1443027',1746,,149,25,,,0
3209,'1443032',1146,,150,25,,,0
3209,'1443124',1016,,151,25,,,0
3209,'1443173',1716,,152,25,,,0
3209,'1443223',846,,153,25,,,0
3209,'1443230',746,,154,25,,,0
3209,'1443346',1216,,155,25,,,0
3209,'1443371',1646,,156,25,,,0
3209,'1443418',646,,157,25,,,0
3209,'1443451',1846,,158,25,,,0
3209,'1443460',1516,,159,25,,,0
3209,'1443559',1346,,160,25,,,0
3209,'1443566',1446,,161,25,,,0
3209,'1443666',946,,162,25,,,0
3209,'1443678',1446,,163,25,,,0
3209,'1443693',916,,164,25,,,0
3209,'1443729',1116,,165,25,,,0
3209,'1443750',1246,,166,25,,,0
3209,'1443756',716,,167,25,,,0
3209,'1443859',846,,168,25,,,0
3209,'1443893',1846,,169,25,,,0
3209,'1444067',1146,,170,25,,,0
3209,'1444076',746,,171,25,,,0
3209,'1444125',1316,,172,25,,,0
3209,'1444263',1046,,173,25,,,0
3209,'1444410',1616,,174,25,,,0
3209,'1444513',1246,,175,25,,,0
3209,'1444517',816,,176,25,,,0
3209,'1444645',1646,,177,25,,,0
3209,'1444700',1546,,178,25,,,0
90209,'1442632',2245,,337,25,0,9 10,0
90209,'1442824',2245,,338,25,0,9 10,0
90209,'1442866',1245,,339,25,0,9 10,0
90209,'1443008',1145,,340,25,0,9 10,0
90209,'1443149',1545,,341,25,0,9 10,0
90209,'1443169',2045,,342,25,0,9 10,0
90209,'1443298',2045,,344,25,0,9 10,0
90209,'1443323',1645,,345,25,0,9 10,0
90209,'1443365',1045,,347,25,0,9 10,0
90209,'1443389',1945,,348,25,0,9 10,0
90209,'1443612',2145,,349,25,0,9 10,0
90209,'1443718',1345,,351,25,0,9 10,0
90209,'1443721',2145,,352,25,0,9 10,0
90209,'1443889',1945,,355,25,0,9 10,0
90209,'1444136',945,,356,25,0,9 10,0
