16019,'1442759',1150,,63,22,0,5,0
16019,'1442908',1650,,64,22,0,5,0
16019,'1443382',1550,,65,22,0,5,0
16019,'1443639',950,,66,22,0,5,0
16019,'1443689',1850,,67,22,0,5,0
16019,'1443695',1050,,68,22,0,5,0
16019,'1443794',1250,,69,22,0,5,0
16019,'1443910',1450,,70,22,0,5,0
16019,'1443990',1350,,71,22,0,5,0
16019,'1444348',1750,,72,22,0,5,0
16019,'1444457',850,,73,22,0,5,0
16019,'1444527',750,,74,22,0,5,0
16019,'1444699',650,,75,22,0,5,0
16019,'1471644',650,,76,22,0,6 7,0
16019,'1471645',750,,77,22,0,6 7,0
16019,'1471646',850,,78,22,0,6 7,0
16019,'1471647',950,,79,22,0,6 7,0
16019,'1471648',1050,,80,22,0,6 7,0
16019,'1471649',1150,,81,22,0,6 7,0
16019,'1471650',1250,,82,22,0,6 7,0
16019,'1471651',1350,,83,22,0,6 7,0
16019,'1471652',1450,,84,22,0,6 7,0
16019,'1471653',1550,,85,22,0,6 7,0
16019,'1471654',1650,,86,22,0,6 7,0
16019,'1471655',1750,,87,22,0,6 7,0
16019,'1471656',1850,,88,22,0,6 7,0
16019,'1471657',720,,89,22,0,6 7,0
16019,'1471658',820,,90,22,0,6 7,0
16019,'1471659',920,,91,22,0,6 7,0
16019,'1471660',1120,,92,23,0,8,0
16019,'1471661',1620,,93,22,0,6 7,0
16019,'1471662',1220,,94,23,0,8,0
16019,'1471663',1320,,95,23,0,8,0
16019,'1471664',1720,,96,22,0,6 7,0
16019,'1471665',1820,,97,22,0,6 7,0
16019,'1471666',1020,,98,23,0,8,0
16019,'1471667',1520,,99,22,0,6 7,0
16019,'1471668',1420,,100,23,0,8,0
901019,'1481211',2247,,299,22,,,0
901019,'1481212',1947,,300,22,,,0
901019,'1481213',2047,,301,22,,,0
901019,'1481214',2147,,302,22,,,0
901019,'1481220',847,,307,22,,,0
901019,'1481221',947,,308,22,,,0
901019,'1481222',1047,,309,22,,,0
901019,'1481223',1147,,310,22,,,0
901019,'1481224',1247,,311,22,,,0
901019,'1481225',1347,,312,22,,,0
901019,'1481226',1447,,313,22,,,0
901019,'1481227',1547,,314,22,,,0
901019,'1481228',1647,,315,22,,,0
901019,'1481229',1747,,316,22,,,0
901019,'1481230',1847,,317,22,,,0
901019,'1481296',2249,,328,22,,,0
901019,'1481297',1949,,329,22,,,0
901019,'1481298',2049,,330,22,,,0
901019,'1481299',2149,,331,22,,,0
