31019,'1442657',1305,,102,10,,,0
31019,'1442704',1735,,103,10,,,0
31019,'1442731',1105,,104,10,,,0
31019,'1442816',1035,,105,10,,,0
31019,'1442926',805,,106,10,,,0
31019,'1442939',805,,107,10,,,0
31019,'1442988',905,,108,10,,,0
31019,'1443001',1505,,109,10,,,0
31019,'1443020',1005,,110,10,,,0
31019,'1443042',935,,111,10,,,0
31019,'1443050',1305,,112,10,,,0
31019,'1443073',1505,,113,10,,,0
31019,'1443135',1405,,114,10,,,0
31019,'1443141',1535,,115,10,,,0
31019,'1443144',1135,,116,10,,,0
31019,'1443163',1205,,117,10,,,0
31019,'1443412',1435,,118,10,,,0
31019,'1443419',1335,,119,10,,,0
31019,'1443472',1235,,120,10,,,0
31019,'1443548',1405,,121,10,,,0
31019,'1443737',1805,,122,10,,,0
31019,'1443781',1835,,123,10,,,0
31019,'1443831',1805,,124,10,,,0
31019,'1443867',1205,,125,10,,,0
31019,'1443869',1005,,126,10,,,0
31019,'1443890',705,,127,10,,,0
31019,'1443895',705,,128,10,,,0
31019,'1444017',1905,,129,10,,,0
31019,'1444043',905,,130,10,,,0
31019,'1444183',1605,,131,10,,,0
31019,'1444283',1605,,132,10,,,0
31019,'1444351',1105,,133,10,,,0
31019,'1444464',1705,,134,10,,,0
31019,'1444532',835,,135,10,,,0
31019,'1444569',1635,,136,10,,,0
31019,'1444582',735,,137,10,,,0
31019,'1444595',635,,138,10,,,0
31019,'1444704',1905,,139,10,,,0
31019,'1444711',1705,,140,10,,,0
902029,'1442623',2018,,336,21,,,0
902029,'1443277',2118,,343,21,,,0
902029,'1443327',2218,,346,21,,,0
902029,'1443696',2018,,350,21,,,0
902029,'1443801',1518,,353,21,,,0
902029,'1443882',1718,,354,21,,,0
902029,'1444181',1318,,357,21,,,0
902029,'1444215',2218,,358,21,,,0
902029,'1444222',1218,,359,21,,,0
902029,'1444364',1618,,360,21,,,0
902029,'1444425',1118,,361,21,,,0
902029,'1444479',2118,,362,21,,,0
902029,'1444524',1018,,363,21,,,0
