9019,'1442574',1346,,37,27,,,0
9019,'1442601',1446,,38,27,,,0
9019,'1442683',1246,,39,27,,,0
9019,'1442720',746,,40,27,,,0
9019,'1442725',1346,,41,27,,,0
9019,'1442740',1546,,42,27,,,0
9019,'1442981',1546,,43,27,,,0
9019,'1443060',1046,,44,27,,,0
9019,'1443114',846,,45,27,,,0
9019,'1443507',746,,46,27,,,0
9019,'1443572',1846,,47,27,,,0
9019,'1443665',846,,48,27,,,0
9019,'1443760',1446,,49,27,,,0
9019,'1444093',946,,50,27,,,0
9019,'1444114',1646,,51,27,,,0
9019,'1444140',1646,,52,27,,,0
9019,'1444157',1746,,53,27,,,0
9019,'1444177',646,,54,27,,,0
9019,'1444202',946,,55,27,,,0
9019,'1444275',1146,,56,27,,,0
9019,'1444286',646,,57,27,,,0
9019,'1444316',1746,,58,27,,,0
9019,'1444336',1046,,59,27,,,0
9019,'1444355',1246,,60,27,,,0
9019,'1444529',1846,,61,27,,,0
9019,'1444681',1146,,62,27,,,0
16019,'1442759',1218,,63,48,0,5,0
16019,'1442908',1718,,64,48,0,5,0
16019,'1443382',1618,,65,48,0,5,0
16019,'1443639',1018,,66,48,0,5,0
16019,'1443689',1918,,67,48,0,5,0
16019,'1443695',1118,,68,48,0,5,0
16019,'1443794',1318,,69,48,0,5,0
16019,'1443910',1518,,70,48,0,5,0
16019,'1443990',1418,,71,48,0,5,0
16019,'1444348',1818,,72,48,0,5,0
16019,'1444457',918,,73,48,0,5,0
16019,'1444527',818,,74,48,0,5,0
16019,'1444699',718,,75,48,0,5,0
16019,'1471644',718,,76,50,0,6 7,0
16019,'1471645',818,,77,50,0,6 7,0
16019,'1471646',918,,78,50,0,6 7,0
16019,'1471647',1018,,79,50,0,6 7,0
16019,'1471648',1118,,80,50,0,6 7,0
16019,'1471649',1218,,81,50,0,6 7,0
16019,'1471650',1318,,82,50,0,6 7,0
16019,'1471651',1418,,83,50,0,6 7,0
16019,'1471652',1518,,84,50,0,6 7,0
16019,'1471653',1618,,85,50,0,6 7,0
16019,'1471654',1718,,86,50,0,6 7,0
16019,'1471655',1818,,87,50,0,6 7,0
16019,'1471656',1918,,88,50,0,6 7,0
16019,'1471657',748,,89,50,0,6 7,0
16019,'1471658',848,,90,50,0,6 7,0
16019,'1471659',948,,91,50,0,6 7,0
16019,'1471660',1148,,92,51,0,8,0
16019,'1471661',1648,,93,50,0,6 7,0
16019,'1471662',1248,,94,51,0,8,0
16019,'1471663',1348,,95,51,0,8,0
16019,'1471664',1748,,96,50,0,6 7,0
16019,'1471665',1848,,97,50,0,6 7,0
16019,'1471666',1048,,98,51,0,8,0
16019,'1471667',1548,,99,50,0,6 7,0
16019,'1471668',1448,,100,51,0,8,0
901019,'1481211',2312,,299,48,,,0
901019,'1481212',2012,,300,48,,,0
901019,'1481213',2112,,301,48,,,0
901019,'1481214',2212,,302,48,,,0
901019,'1481220',912,,307,48,,,0
901019,'1481221',1012,,308,48,,,0
901019,'1481222',1112,,309,48,,,0
901019,'1481223',1212,,310,48,,,0
901019,'1481224',1312,,311,48,,,0
901019,'1481225',1412,,312,48,,,0
901019,'1481226',1512,,313,48,,,0
901019,'1481227',1612,,314,48,,,0
901019,'1481228',1712,,315,48,,,0
901019,'1481229',1812,,316,48,,,0
901019,'1481230',1912,,317,48,,,0
901019,'1481296',2319,,328,48,,,0
901019,'1481297',2019,,329,48,,,0
901019,'1481298',2119,,330,48,,,0
901019,'1481299',2219,,331,48,,,0
