9019,'1442574',1338,,37,13,,,0
9019,'1442601',1438,,38,13,,,0
9019,'1442683',1238,,39,13,,,0
9019,'1442720',738,,40,13,,,0
9019,'1442725',1338,,41,13,,,0
9019,'1442740',1538,,42,13,,,0
9019,'1442981',1538,,43,13,,,0
9019,'1443060',1038,,44,13,,,0
9019,'1443114',838,,45,13,,,0
9019,'1443507',738,,46,13,,,0
9019,'1443572',1838,,47,13,,,0
9019,'1443665',838,,48,13,,,0
9019,'1443760',1438,,49,13,,,0
9019,'1444093',938,,50,13,,,0
9019,'1444114',1638,,51,13,,,0
9019,'1444140',1638,,52,13,,,0
9019,'1444157',1738,,53,13,,,0
9019,'1444177',638,,54,13,,,0
9019,'1444202',938,,55,13,,,0
9019,'1444275',1138,,56,13,,,0
9019,'1444286',638,,57,13,,,0
9019,'1444316',1738,,58,13,,,0
9019,'1444336',1038,,59,13,,,0
9019,'1444355',1238,,60,13,,,0
9019,'1444529',1838,,61,13,,,0
9019,'1444681',1138,,62,13,,,0
