37019,'1481156',653,,179,27,,,0
37019,'1481157',723,,180,27,,,0
37019,'1481158',753,,181,27,,,0
37019,'1481159',823,,182,27,,,0
37019,'1481160',853,,183,27,,,0
37019,'1481161',923,,184,27,,,0
37019,'1481162',953,,185,27,,,0
37019,'1481163',1023,,186,27,,,0
37019,'1481164',1053,,187,27,,,0
37019,'1481165',1123,,188,27,,,0
37019,'1481166',1153,,189,27,,,0
37019,'1481167',1223,,190,27,,,0
37019,'1481168',1253,,191,27,,,0
37019,'1481169',1323,,192,27,,,0
37019,'1481170',1353,,193,27,,,0
37019,'1481171',1423,,194,27,,,0
37019,'1481172',1453,,195,27,,,0
37019,'1481173',1523,,196,27,,,0
37019,'1481174',1553,,197,27,,,0
37019,'1481175',1623,,198,27,,,0
37019,'1481176',1653,,199,27,,,0
37019,'1481177',1723,,200,27,,,0
37019,'1481178',1753,,201,27,,,0
37019,'1481179',1823,,202,27,,,0
37019,'1481180',1853,,203,27,,,0
37019,'1481181',1923,,204,27,,,0
37019,'1481241',653,,205,27,,,0
37019,'1481242',723,,206,27,,,0
37019,'1481243',753,,207,27,,,0
37019,'1481244',823,,208,27,,,0
37019,'1481245',853,,209,27,,,0
37019,'1481246',923,,210,27,,,0
37019,'1481247',953,,211,27,,,0
37019,'1481248',1023,,212,27,,,0
37019,'1481249',1053,,213,27,,,0
37019,'1481250',1123,,214,27,,,0
37019,'1481251',1153,,215,27,,,0
37019,'1481252',1223,,216,27,,,0
37019,'1481253',1253,,217,27,,,0
37019,'1481254',1323,,218,27,,,0
37019,'1481255',1353,,219,27,,,0
37019,'1481256',1423,,220,27,,,0
37019,'1481257',1453,,221,27,,,0
37019,'1481258',1523,,222,27,,,0
37019,'1481259',1553,,223,27,,,0
37019,'1481260',1623,,224,27,,,0
37019,'1481261',1653,,225,27,,,0
37019,'1481262',1723,,226,27,,,0
37019,'1481263',1753,,227,27,,,0
37019,'1481264',1823,,228,27,,,0
37019,'1481265',1853,,229,27,,,0
37019,'1481266',1923,,230,27,,,0
