16019,'1442759',1131,,63,2,0,5,0
16019,'1442908',1631,,64,2,0,5,0
16019,'1443382',1531,,65,2,0,5,0
16019,'1443639',931,,66,2,0,5,0
16019,'1443689',1831,,67,2,0,5,0
16019,'1443695',1031,,68,2,0,5,0
16019,'1443794',1231,,69,2,0,5,0
16019,'1443910',1431,,70,2,0,5,0
16019,'1443990',1331,,71,2,0,5,0
16019,'1444348',1731,,72,2,0,5,0
16019,'1444457',831,,73,2,0,5,0
16019,'1444527',731,,74,2,0,5,0
16019,'1444699',631,,75,2,0,5,0
16019,'1471644',631,,76,2,0,6 7,0
16019,'1471645',731,,77,2,0,6 7,0
16019,'1471646',831,,78,2,0,6 7,0
16019,'1471647',931,,79,2,0,6 7,0
16019,'1471648',1031,,80,2,0,6 7,0
16019,'1471649',1131,,81,2,0,6 7,0
16019,'1471650',1231,,82,2,0,6 7,0
16019,'1471651',1331,,83,2,0,6 7,0
16019,'1471652',1431,,84,2,0,6 7,0
16019,'1471653',1531,,85,2,0,6 7,0
16019,'1471654',1631,,86,2,0,6 7,0
16019,'1471655',1731,,87,2,0,6 7,0
16019,'1471656',1831,,88,2,0,6 7,0
16019,'1471657',701,,89,2,0,6 7,0
16019,'1471658',801,,90,2,0,6 7,0
16019,'1471659',901,,91,2,0,6 7,0
16019,'1471660',1101,,92,2,0,8,0
16019,'1471661',1601,,93,2,0,6 7,0
16019,'1471662',1201,,94,2,0,8,0
16019,'1471663',1301,,95,2,0,8,0
16019,'1471664',1701,,96,2,0,6 7,0
16019,'1471665',1801,,97,2,0,6 7,0
16019,'1471666',1001,,98,2,0,8,0
16019,'1471667',1501,,99,2,0,6 7,0
16019,'1471668',1401,,100,2,0,8,0
901019,'1481211',2231,,299,2,,,0
901019,'1481212',1931,,300,2,,,0
901019,'1481213',2031,,301,2,,,0
901019,'1481214',2131,,302,2,,,0
901019,'1481220',831,,307,2,,,0
901019,'1481221',931,,308,2,,,0
901019,'1481222',1031,,309,2,,,0
901019,'1481223',1131,,310,2,,,0
901019,'1481224',1231,,311,2,,,0
901019,'1481225',1331,,312,2,,,0
901019,'1481226',1431,,313,2,,,0
901019,'1481227',1531,,314,2,,,0
901019,'1481228',1631,,315,2,,,0
901019,'1481229',1731,,316,2,,,0
901019,'1481230',1831,,317,2,,,0
901019,'1481296',2231,,328,2,,,0
901019,'1481297',1931,,329,2,,,0
901019,'1481298',2031,,330,2,,,0
901019,'1481299',2131,,331,2,,,0
