609,'1481208',2220,,25,29,,,0
609,'1481209',2120,,26,29,,,0
609,'1481210',2020,,27,29,,,0
609,'1481293',2220,,28,29,,,0
609,'1481294',2120,,29,29,,,0
609,'1481295',2020,,30,29,,,0
709,'1442686',2148,,31,33,,,0
709,'1443170',2048,,32,33,,,0
709,'1443421',2052,,33,33,,,0
709,'1444160',1952,,34,33,,,0
709,'1444518',1948,,35,33,,,0
709,'1444604',2152,,36,33,,,0
3809,'1481182',716,,231,57,,,0
3809,'1481183',746,,232,57,,,0
3809,'1481184',816,,233,57,,,0
3809,'1481185',846,,234,57,,,0
3809,'1481186',916,,235,57,,,0
3809,'1481187',946,,236,57,,,0
3809,'1481188',1016,,237,57,,,0
3809,'1481189',1046,,238,57,,,0
3809,'1481190',1116,,239,57,,,0
3809,'1481191',1146,,240,57,,,0
3809,'1481192',1216,,241,57,,,0
3809,'1481193',1246,,242,57,,,0
3809,'1481194',1316,,243,57,,,0
3809,'1481195',1346,,244,57,,,0
3809,'1481196',1416,,245,57,,,0
3809,'1481197',1446,,246,57,,,0
3809,'1481198',1516,,247,57,,,0
3809,'1481199',1546,,248,57,,,0
3809,'1481200',1616,,249,57,,,0
3809,'1481201',1646,,250,57,,,0
3809,'1481202',1716,,251,57,,,0
3809,'1481203',1746,,252,57,,,0
3809,'1481204',1816,,253,57,,,0
3809,'1481205',1846,,254,57,,,0
3809,'1481206',1916,,255,57,,,0
3809,'1481207',1946,,256,57,,,0
3809,'1481267',716,,257,57,,,0
3809,'1481268',746,,258,57,,,0
3809,'1481269',816,,259,57,,,0
3809,'1481270',846,,260,57,,,0
3809,'1481271',916,,261,57,,,0
3809,'1481272',946,,262,57,,,0
3809,'1481273',1016,,263,57,,,0
3809,'1481274',1046,,264,57,,,0
3809,'1481275',1116,,265,57,,,0
3809,'1481276',1146,,266,57,,,0
3809,'1481277',1216,,267,57,,,0
3809,'1481278',1246,,268,57,,,0
3809,'1481279',1316,,269,57,,,0
3809,'1481280',1346,,270,57,,,0
3809,'1481281',1416,,271,57,,,0
3809,'1481282',1446,,272,57,,,0
3809,'1481283',1516,,273,57,,,0
3809,'1481284',1546,,274,57,,,0
3809,'1481285',1616,,275,57,,,0
3809,'1481286',1646,,276,57,,,0
3809,'1481287',1716,,277,57,,,0
3809,'1481288',1746,,278,57,,,0
3809,'1481289',1816,,279,57,,,0
3809,'1481290',1846,,280,57,,,0
3809,'1481291',1920,,281,57,,,0
3809,'1481292',1950,,282,57,,,0
7600009,'1442746',1020,,364,31,,,0
7600009,'1442836',1150,,365,31,,,0
7600009,'1442868',1250,,366,31,,,0
7600009,'1442936',1450,,367,31,,,0
7600009,'1442948',1320,,368,31,,,0
7600009,'1442960',1120,,369,31,,,0
7600009,'1443166',1520,,370,31,,,0
7600009,'1443237',1620,,371,31,,,0
7600009,'1443568',1650,,372,31,,,0
7600009,'1443930',1720,,373,31,,,0
7600009,'1444078',1220,,374,31,,,0
7600009,'1444147',1750,,375,31,,,0
7600009,'1444253',1050,,376,31,,,0
7600009,'1444707',1550,,377,31,,,0
