32019,'1442596',1812,,141,20,,,0
32019,'1442687',942,,142,20,,,0
32019,'1442754',642,,143,20,,,0
32019,'1442760',1412,,144,20,,,0
32019,'1442882',1742,,145,20,,,0
32019,'1442921',1342,,146,20,,,0
32019,'1442945',1542,,147,20,,,0
32019,'1443019',1042,,148,20,,,0
32019,'1443027',1742,,149,20,,,0
32019,'1443032',1142,,150,20,,,0
32019,'1443124',1012,,151,20,,,0
32019,'1443173',1712,,152,20,,,0
32019,'1443223',842,,153,20,,,0
32019,'1443230',742,,154,20,,,0
32019,'1443346',1212,,155,20,,,0
32019,'1443371',1642,,156,20,,,0
32019,'1443418',642,,157,20,,,0
32019,'1443451',1842,,158,20,,,0
32019,'1443460',1512,,159,20,,,0
32019,'1443559',1342,,160,20,,,0
32019,'1443566',1442,,161,20,,,0
32019,'1443666',942,,162,20,,,0
32019,'1443678',1442,,163,20,,,0
32019,'1443693',912,,164,20,,,0
32019,'1443729',1112,,165,20,,,0
32019,'1443750',1242,,166,20,,,0
32019,'1443756',712,,167,20,,,0
32019,'1443859',842,,168,20,,,0
32019,'1443893',1842,,169,20,,,0
32019,'1444067',1142,,170,20,,,0
32019,'1444076',742,,171,20,,,0
32019,'1444125',1312,,172,20,,,0
32019,'1444263',1042,,173,20,,,0
32019,'1444410',1612,,174,20,,,0
32019,'1444513',1242,,175,20,,,0
32019,'1444517',812,,176,20,,,0
32019,'1444645',1642,,177,20,,,0
32019,'1444700',1542,,178,20,,,0
902019,'1442632',2242,,337,20,,,0
902019,'1442824',2242,,338,20,,,0
902019,'1442866',1242,,339,20,,,0
902019,'1443008',1142,,340,20,,,0
902019,'1443149',1542,,341,20,,,0
902019,'1443169',2042,,342,20,,,0
902019,'1443298',2042,,344,20,,,0
902019,'1443323',1642,,345,20,,,0
902019,'1443365',1042,,347,20,,,0
902019,'1443389',1942,,348,20,,,0
902019,'1443612',2142,,349,20,,,0
902019,'1443718',1342,,351,20,,,0
902019,'1443721',2142,,352,20,,,0
902019,'1443889',1942,,355,20,,,0
902019,'1444136',942,,356,20,,,0
