9019,'1442574',1338,,37,14,,,0
9019,'1442601',1438,,38,14,,,0
9019,'1442683',1238,,39,14,,,0
9019,'1442720',738,,40,14,,,0
9019,'1442725',1338,,41,14,,,0
9019,'1442740',1538,,42,14,,,0
9019,'1442981',1538,,43,14,,,0
9019,'1443060',1038,,44,14,,,0
9019,'1443114',838,,45,14,,,0
9019,'1443507',738,,46,14,,,0
9019,'1443572',1838,,47,14,,,0
9019,'1443665',838,,48,14,,,0
9019,'1443760',1438,,49,14,,,0
9019,'1444093',938,,50,14,,,0
9019,'1444114',1638,,51,14,,,0
9019,'1444140',1638,,52,14,,,0
9019,'1444157',1738,,53,14,,,0
9019,'1444177',638,,54,14,,,0
9019,'1444202',938,,55,14,,,0
9019,'1444275',1138,,56,14,,,0
9019,'1444286',638,,57,14,,,0
9019,'1444316',1738,,58,14,,,0
9019,'1444336',1038,,59,14,,,0
9019,'1444355',1238,,60,14,,,0
9019,'1444529',1838,,61,14,,,0
9019,'1444681',1138,,62,14,,,0
