32019,'1442596',1805,,141,9,,,0
32019,'1442687',935,,142,9,,,0
32019,'1442754',635,,143,9,,,0
32019,'1442760',1405,,144,9,,,0
32019,'1442882',1735,,145,9,,,0
32019,'1442921',1335,,146,9,,,0
32019,'1442945',1535,,147,9,,,0
32019,'1443019',1035,,148,9,,,0
32019,'1443027',1735,,149,9,,,0
32019,'1443032',1135,,150,9,,,0
32019,'1443124',1005,,151,9,,,0
32019,'1443173',1705,,152,9,,,0
32019,'1443223',835,,153,9,,,0
32019,'1443230',735,,154,9,,,0
32019,'1443346',1205,,155,9,,,0
32019,'1443371',1635,,156,9,,,0
32019,'1443418',635,,157,9,,,0
32019,'1443451',1835,,158,9,,,0
32019,'1443460',1505,,159,9,,,0
32019,'1443559',1335,,160,9,,,0
32019,'1443566',1435,,161,9,,,0
32019,'1443666',935,,162,9,,,0
32019,'1443678',1435,,163,9,,,0
32019,'1443693',905,,164,9,,,0
32019,'1443729',1105,,165,9,,,0
32019,'1443750',1235,,166,9,,,0
32019,'1443756',705,,167,9,,,0
32019,'1443859',835,,168,9,,,0
32019,'1443893',1835,,169,9,,,0
32019,'1444067',1135,,170,9,,,0
32019,'1444076',735,,171,9,,,0
32019,'1444125',1305,,172,9,,,0
32019,'1444263',1035,,173,9,,,0
32019,'1444410',1605,,174,9,,,0
32019,'1444513',1235,,175,9,,,0
32019,'1444517',805,,176,9,,,0
32019,'1444645',1635,,177,9,,,0
32019,'1444700',1535,,178,9,,,0
902019,'1442632',2235,,337,9,,,0
902019,'1442824',2235,,338,9,,,0
902019,'1442866',1235,,339,9,,,0
902019,'1443008',1135,,340,9,,,0
902019,'1443149',1535,,341,9,,,0
902019,'1443169',2035,,342,9,,,0
902019,'1443298',2035,,344,9,,,0
902019,'1443323',1635,,345,9,,,0
902019,'1443365',1035,,347,9,,,0
902019,'1443389',1935,,348,9,,,0
902019,'1443612',2135,,349,9,,,0
902019,'1443718',1335,,351,9,,,0
902019,'1443721',2135,,352,9,,,0
902019,'1443889',1935,,355,9,,,0
902019,'1444136',935,,356,9,,,0
