31019,'1442657',1308,,102,14,,,0
31019,'1442704',1738,,103,14,,,0
31019,'1442731',1108,,104,14,,,0
31019,'1442816',1038,,105,14,,,0
31019,'1442926',808,,106,14,,,0
31019,'1442939',808,,107,14,,,0
31019,'1442988',908,,108,14,,,0
31019,'1443001',1508,,109,14,,,0
31019,'1443020',1008,,110,14,,,0
31019,'1443042',938,,111,14,,,0
31019,'1443050',1308,,112,14,,,0
31019,'1443073',1508,,113,14,,,0
31019,'1443135',1408,,114,14,,,0
31019,'1443141',1538,,115,14,,,0
31019,'1443144',1138,,116,14,,,0
31019,'1443163',1208,,117,14,,,0
31019,'1443412',1438,,118,14,,,0
31019,'1443419',1338,,119,14,,,0
31019,'1443472',1238,,120,14,,,0
31019,'1443548',1408,,121,14,,,0
31019,'1443737',1808,,122,14,,,0
31019,'1443781',1838,,123,14,,,0
31019,'1443831',1808,,124,14,,,0
31019,'1443867',1208,,125,14,,,0
31019,'1443869',1008,,126,14,,,0
31019,'1443890',708,,127,14,,,0
31019,'1443895',708,,128,14,,,0
31019,'1444017',1908,,129,14,,,0
31019,'1444043',908,,130,14,,,0
31019,'1444183',1608,,131,14,,,0
31019,'1444283',1608,,132,14,,,0
31019,'1444351',1108,,133,14,,,0
31019,'1444464',1708,,134,14,,,0
31019,'1444532',838,,135,14,,,0
31019,'1444569',1638,,136,14,,,0
31019,'1444582',738,,137,14,,,0
31019,'1444595',638,,138,14,,,0
31019,'1444704',1908,,139,14,,,0
31019,'1444711',1708,,140,14,,,0
902029,'1442623',2021,,336,25,,,0
902029,'1443277',2121,,343,25,,,0
902029,'1443327',2221,,346,25,,,0
902029,'1443696',2021,,350,25,,,0
902029,'1443801',1521,,353,25,,,0
902029,'1443882',1721,,354,25,,,0
902029,'1444181',1321,,357,25,,,0
902029,'1444215',2221,,358,25,,,0
902029,'1444222',1221,,359,25,,,0
902029,'1444364',1621,,360,25,,,0
902029,'1444425',1121,,361,25,,,0
902029,'1444479',2121,,362,25,,,0
902029,'1444524',1021,,363,25,,,0
