3209,'1442596',1809,,141,15,,,0
3209,'1442687',939,,142,15,,,0
3209,'1442754',639,,143,15,,,0
3209,'1442760',1409,,144,15,,,0
3209,'1442882',1739,,145,15,,,0
3209,'1442921',1339,,146,15,,,0
3209,'1442945',1539,,147,15,,,0
3209,'1443019',1039,,148,15,,,0
3209,'1443027',1739,,149,15,,,0
3209,'1443032',1139,,150,15,,,0
3209,'1443124',1009,,151,15,,,0
3209,'1443173',1709,,152,15,,,0
3209,'1443223',839,,153,15,,,0
3209,'1443230',739,,154,15,,,0
3209,'1443346',1209,,155,15,,,0
3209,'1443371',1639,,156,15,,,0
3209,'1443418',639,,157,15,,,0
3209,'1443451',1839,,158,15,,,0
3209,'1443460',1509,,159,15,,,0
3209,'1443559',1339,,160,15,,,0
3209,'1443566',1439,,161,15,,,0
3209,'1443666',939,,162,15,,,0
3209,'1443678',1439,,163,15,,,0
3209,'1443693',909,,164,15,,,0
3209,'1443729',1109,,165,15,,,0
3209,'1443750',1239,,166,15,,,0
3209,'1443756',709,,167,15,,,0
3209,'1443859',839,,168,15,,,0
3209,'1443893',1839,,169,15,,,0
3209,'1444067',1139,,170,15,,,0
3209,'1444076',739,,171,15,,,0
3209,'1444125',1309,,172,15,,,0
3209,'1444263',1039,,173,15,,,0
3209,'1444410',1609,,174,15,,,0
3209,'1444513',1239,,175,15,,,0
3209,'1444517',809,,176,15,,,0
3209,'1444645',1639,,177,15,,,0
3209,'1444700',1539,,178,15,,,0
90209,'1442632',2240,,337,15,0,9 10,0
90209,'1442824',2240,,338,15,0,9 10,0
90209,'1442866',1240,,339,15,0,9 10,0
90209,'1443008',1140,,340,15,0,9 10,0
90209,'1443149',1540,,341,15,0,9 10,0
90209,'1443169',2040,,342,15,0,9 10,0
90209,'1443298',2040,,344,15,0,9 10,0
90209,'1443323',1640,,345,15,0,9 10,0
90209,'1443365',1040,,347,15,0,9 10,0
90209,'1443389',1940,,348,15,0,9 10,0
90209,'1443612',2140,,349,15,0,9 10,0
90209,'1443718',1340,,351,15,0,9 10,0
90209,'1443721',2140,,352,15,0,9 10,0
90209,'1443889',1940,,355,15,0,9 10,0
90209,'1444136',940,,356,15,0,9 10,0
