3109,'1442657',1311,,102,18,,,0
3109,'1442704',1741,,103,18,,,0
3109,'1442731',1111,,104,18,,,0
3109,'1442816',1041,,105,18,,,0
3109,'1442926',811,,106,18,,,0
3109,'1442939',811,,107,18,,,0
3109,'1442988',911,,108,18,,,0
3109,'1443001',1511,,109,18,,,0
3109,'1443020',1011,,110,18,,,0
3109,'1443042',941,,111,18,,,0
3109,'1443050',1311,,112,18,,,0
3109,'1443073',1511,,113,18,,,0
3109,'1443135',1411,,114,18,,,0
3109,'1443141',1541,,115,18,,,0
3109,'1443144',1141,,116,18,,,0
3109,'1443163',1211,,117,18,,,0
3109,'1443412',1441,,118,18,,,0
3109,'1443419',1341,,119,18,,,0
3109,'1443472',1241,,120,18,,,0
3109,'1443548',1411,,121,18,,,0
3109,'1443737',1811,,122,18,,,0
3109,'1443781',1841,,123,18,,,0
3109,'1443831',1811,,124,18,,,0
3109,'1443867',1211,,125,18,,,0
3109,'1443869',1011,,126,18,,,0
3109,'1443890',711,,127,18,,,0
3109,'1443895',711,,128,18,,,0
3109,'1444017',1911,,129,18,,,0
3109,'1444043',911,,130,18,,,0
3109,'1444183',1611,,131,18,,,0
3109,'1444283',1611,,132,18,,,0
3109,'1444351',1111,,133,18,,,0
3109,'1444464',1711,,134,18,,,0
3109,'1444532',841,,135,18,,,0
3109,'1444569',1641,,136,18,,,0
3109,'1444582',741,,137,18,,,0
3109,'1444595',641,,138,18,,,0
3109,'1444704',1911,,139,18,,,0
3109,'1444711',1711,,140,18,,,0
90209,'1442623',2005,,336,6,0,13,0
90209,'1443277',2105,,343,6,0,13,0
90209,'1443327',2205,,346,6,0,13,0
90209,'1443696',2005,,350,6,0,13,0
90209,'1443801',1505,,353,6,0,13,0
90209,'1443882',1705,,354,6,0,13,0
90209,'1444181',1305,,357,6,0,13,0
90209,'1444215',2205,,358,6,0,13,0
90209,'1444222',1205,,359,6,0,13,0
90209,'1444364',1605,,360,6,0,13,0
90209,'1444425',1105,,361,6,0,13,0
90209,'1444479',2105,,362,6,0,13,0
90209,'1444524',1005,,363,6,0,13,0
