32019,'1442596',1822,,141,37,,,0
32019,'1442687',952,,142,37,,,0
32019,'1442754',652,,143,37,,,0
32019,'1442760',1422,,144,37,,,0
32019,'1442882',1752,,145,37,,,0
32019,'1442921',1352,,146,37,,,0
32019,'1442945',1552,,147,37,,,0
32019,'1443019',1052,,148,37,,,0
32019,'1443027',1752,,149,37,,,0
32019,'1443032',1152,,150,37,,,0
32019,'1443124',1022,,151,37,,,0
32019,'1443173',1722,,152,37,,,0
32019,'1443223',852,,153,37,,,0
32019,'1443230',752,,154,37,,,0
32019,'1443346',1222,,155,37,,,0
32019,'1443371',1652,,156,37,,,0
32019,'1443418',652,,157,37,,,0
32019,'1443451',1852,,158,37,,,0
32019,'1443460',1522,,159,37,,,0
32019,'1443559',1352,,160,37,,,0
32019,'1443566',1452,,161,37,,,0
32019,'1443666',952,,162,37,,,0
32019,'1443678',1452,,163,37,,,0
32019,'1443693',922,,164,37,,,0
32019,'1443729',1122,,165,37,,,0
32019,'1443750',1252,,166,37,,,0
32019,'1443756',722,,167,37,,,0
32019,'1443859',852,,168,37,,,0
32019,'1443893',1852,,169,37,,,0
32019,'1444067',1152,,170,37,,,0
32019,'1444076',752,,171,37,,,0
32019,'1444125',1322,,172,37,,,0
32019,'1444263',1052,,173,37,,,0
32019,'1444410',1622,,174,37,,,0
32019,'1444513',1252,,175,37,,,0
32019,'1444517',822,,176,37,,,0
32019,'1444645',1652,,177,37,,,0
32019,'1444700',1552,,178,37,,,0
902019,'1442632',2250,,337,37,,,0
902019,'1442824',2250,,338,37,,,0
902019,'1442866',1250,,339,37,,,0
902019,'1443008',1150,,340,37,,,0
902019,'1443149',1550,,341,37,,,0
902019,'1443169',2050,,342,37,,,0
902019,'1443298',2050,,344,37,,,0
902019,'1443323',1650,,345,37,,,0
902019,'1443365',1050,,347,37,,,0
902019,'1443389',1950,,348,37,,,0
902019,'1443612',2150,,349,37,,,0
902019,'1443718',1350,,351,37,,,0
902019,'1443721',2150,,352,37,,,0
902019,'1443889',1950,,355,37,,,0
902019,'1444136',950,,356,37,,,0
