31019,'1442657',1307,,102,13,,,0
31019,'1442704',1737,,103,13,,,0
31019,'1442731',1107,,104,13,,,0
31019,'1442816',1037,,105,13,,,0
31019,'1442926',807,,106,13,,,0
31019,'1442939',807,,107,13,,,0
31019,'1442988',907,,108,13,,,0
31019,'1443001',1507,,109,13,,,0
31019,'1443020',1007,,110,13,,,0
31019,'1443042',937,,111,13,,,0
31019,'1443050',1307,,112,13,,,0
31019,'1443073',1507,,113,13,,,0
31019,'1443135',1407,,114,13,,,0
31019,'1443141',1537,,115,13,,,0
31019,'1443144',1137,,116,13,,,0
31019,'1443163',1207,,117,13,,,0
31019,'1443412',1437,,118,13,,,0
31019,'1443419',1337,,119,13,,,0
31019,'1443472',1237,,120,13,,,0
31019,'1443548',1407,,121,13,,,0
31019,'1443737',1807,,122,13,,,0
31019,'1443781',1837,,123,13,,,0
31019,'1443831',1807,,124,13,,,0
31019,'1443867',1207,,125,13,,,0
31019,'1443869',1007,,126,13,,,0
31019,'1443890',707,,127,13,,,0
31019,'1443895',707,,128,13,,,0
31019,'1444017',1907,,129,13,,,0
31019,'1444043',907,,130,13,,,0
31019,'1444183',1607,,131,13,,,0
31019,'1444283',1607,,132,13,,,0
31019,'1444351',1107,,133,13,,,0
31019,'1444464',1707,,134,13,,,0
31019,'1444532',837,,135,13,,,0
31019,'1444569',1637,,136,13,,,0
31019,'1444582',737,,137,13,,,0
31019,'1444595',637,,138,13,,,0
31019,'1444704',1907,,139,13,,,0
31019,'1444711',1707,,140,13,,,0
902029,'1442623',2020,,336,24,,,0
902029,'1443277',2120,,343,24,,,0
902029,'1443327',2220,,346,24,,,0
902029,'1443696',2020,,350,24,,,0
902029,'1443801',1520,,353,24,,,0
902029,'1443882',1720,,354,24,,,0
902029,'1444181',1320,,357,24,,,0
902029,'1444215',2220,,358,24,,,0
902029,'1444222',1220,,359,24,,,0
902029,'1444364',1620,,360,24,,,0
902029,'1444425',1120,,361,24,,,0
902029,'1444479',2120,,362,24,,,0
902029,'1444524',1020,,363,24,,,0
