37019,'1481156',703,,179,45,,,0
37019,'1481157',733,,180,45,,,0
37019,'1481158',803,,181,45,,,0
37019,'1481159',833,,182,45,,,0
37019,'1481160',903,,183,45,,,0
37019,'1481161',933,,184,45,,,0
37019,'1481162',1003,,185,45,,,0
37019,'1481163',1033,,186,45,,,0
37019,'1481164',1103,,187,45,,,0
37019,'1481165',1133,,188,45,,,0
37019,'1481166',1203,,189,45,,,0
37019,'1481167',1233,,190,45,,,0
37019,'1481168',1303,,191,45,,,0
37019,'1481169',1333,,192,45,,,0
37019,'1481170',1403,,193,45,,,0
37019,'1481171',1433,,194,45,,,0
37019,'1481172',1503,,195,45,,,0
37019,'1481173',1533,,196,45,,,0
37019,'1481174',1603,,197,45,,,0
37019,'1481175',1633,,198,45,,,0
37019,'1481176',1703,,199,45,,,0
37019,'1481177',1733,,200,45,,,0
37019,'1481178',1803,,201,45,,,0
37019,'1481179',1833,,202,45,,,0
37019,'1481180',1903,,203,45,,,0
37019,'1481181',1933,,204,45,,,0
37019,'1481241',703,,205,45,,,0
37019,'1481242',733,,206,45,,,0
37019,'1481243',803,,207,45,,,0
37019,'1481244',833,,208,45,,,0
37019,'1481245',903,,209,45,,,0
37019,'1481246',933,,210,45,,,0
37019,'1481247',1003,,211,45,,,0
37019,'1481248',1033,,212,45,,,0
37019,'1481249',1103,,213,45,,,0
37019,'1481250',1133,,214,45,,,0
37019,'1481251',1203,,215,45,,,0
37019,'1481252',1233,,216,45,,,0
37019,'1481253',1303,,217,45,,,0
37019,'1481254',1333,,218,45,,,0
37019,'1481255',1403,,219,45,,,0
37019,'1481256',1433,,220,45,,,0
37019,'1481257',1503,,221,45,,,0
37019,'1481258',1533,,222,45,,,0
37019,'1481259',1603,,223,45,,,0
37019,'1481260',1633,,224,45,,,0
37019,'1481261',1703,,225,45,,,0
37019,'1481262',1733,,226,45,,,0
37019,'1481263',1803,,227,45,,,0
37019,'1481264',1833,,228,45,,,0
37019,'1481265',1903,,229,45,,,0
37019,'1481266',1933,,230,45,,,0
