909,'1442574',1339,,37,15,,,0
909,'1442601',1439,,38,15,,,0
909,'1442683',1239,,39,15,,,0
909,'1442720',739,,40,15,,,0
909,'1442725',1339,,41,15,,,0
909,'1442740',1539,,42,15,,,0
909,'1442981',1539,,43,15,,,0
909,'1443060',1039,,44,15,,,0
909,'1443114',839,,45,15,,,0
909,'1443507',739,,46,15,,,0
909,'1443572',1839,,47,15,,,0
909,'1443665',839,,48,15,,,0
909,'1443760',1439,,49,15,,,0
909,'1444093',939,,50,15,,,0
909,'1444114',1639,,51,15,,,0
909,'1444140',1639,,52,15,,,0
909,'1444157',1739,,53,15,,,0
909,'1444177',639,,54,15,,,0
909,'1444202',939,,55,15,,,0
909,'1444275',1139,,56,15,,,0
909,'1444286',639,,57,15,,,0
909,'1444316',1739,,58,15,,,0
909,'1444336',1039,,59,15,,,0
909,'1444355',1239,,60,15,,,0
909,'1444529',1839,,61,15,,,0
909,'1444681',1139,,62,15,,,0
