6019,'1481208',2210,,25,16,,,0
6019,'1481209',2110,,26,16,,,0
6019,'1481210',2010,,27,16,,,0
6019,'1481293',2210,,28,16,,,0
6019,'1481294',2110,,29,16,,,0
6019,'1481295',2010,,30,16,,,0
37019,'1481156',645,,179,16,,,0
37019,'1481157',715,,180,16,,,0
37019,'1481158',745,,181,16,,,0
37019,'1481159',815,,182,16,,,0
37019,'1481160',845,,183,16,,,0
37019,'1481161',915,,184,16,,,0
37019,'1481162',945,,185,16,,,0
37019,'1481163',1015,,186,16,,,0
37019,'1481164',1045,,187,16,,,0
37019,'1481165',1115,,188,16,,,0
37019,'1481166',1145,,189,16,,,0
37019,'1481167',1215,,190,16,,,0
37019,'1481168',1245,,191,16,,,0
37019,'1481169',1315,,192,16,,,0
37019,'1481170',1345,,193,16,,,0
37019,'1481171',1415,,194,16,,,0
37019,'1481172',1445,,195,16,,,0
37019,'1481173',1515,,196,16,,,0
37019,'1481174',1545,,197,16,,,0
37019,'1481175',1615,,198,16,,,0
37019,'1481176',1645,,199,16,,,0
37019,'1481177',1715,,200,16,,,0
37019,'1481178',1745,,201,16,,,0
37019,'1481179',1815,,202,16,,,0
37019,'1481180',1845,,203,16,,,0
37019,'1481181',1915,,204,16,,,0
37019,'1481241',645,,205,16,,,0
37019,'1481242',715,,206,16,,,0
37019,'1481243',745,,207,16,,,0
37019,'1481244',815,,208,16,,,0
37019,'1481245',845,,209,16,,,0
37019,'1481246',915,,210,16,,,0
37019,'1481247',945,,211,16,,,0
37019,'1481248',1015,,212,16,,,0
37019,'1481249',1045,,213,16,,,0
37019,'1481250',1115,,214,16,,,0
37019,'1481251',1145,,215,16,,,0
37019,'1481252',1215,,216,16,,,0
37019,'1481253',1245,,217,16,,,0
37019,'1481254',1315,,218,16,,,0
37019,'1481255',1345,,219,16,,,0
37019,'1481256',1415,,220,16,,,0
37019,'1481257',1445,,221,16,,,0
37019,'1481258',1515,,222,16,,,0
37019,'1481259',1545,,223,16,,,0
37019,'1481260',1615,,224,16,,,0
37019,'1481261',1645,,225,16,,,0
37019,'1481262',1715,,226,16,,,0
37019,'1481263',1745,,227,16,,,0
37019,'1481264',1815,,228,16,,,0
37019,'1481265',1845,,229,16,,,0
37019,'1481266',1915,,230,16,,,0
38019,'1481182',702,,231,44,,,0
38019,'1481183',732,,232,44,,,0
38019,'1481184',802,,233,44,,,0
38019,'1481185',832,,234,44,,,0
38019,'1481186',902,,235,44,,,0
38019,'1481187',932,,236,44,,,0
38019,'1481188',1002,,237,44,,,0
38019,'1481189',1032,,238,44,,,0
38019,'1481190',1102,,239,44,,,0
38019,'1481191',1132,,240,44,,,0
38019,'1481192',1202,,241,44,,,0
38019,'1481193',1232,,242,44,,,0
38019,'1481194',1302,,243,44,,,0
38019,'1481195',1332,,244,44,,,0
38019,'1481196',1402,,245,44,,,0
38019,'1481197',1432,,246,44,,,0
38019,'1481198',1502,,247,44,,,0
38019,'1481199',1532,,248,44,,,0
38019,'1481200',1602,,249,44,,,0
38019,'1481201',1632,,250,44,,,0
38019,'1481202',1702,,251,44,,,0
38019,'1481203',1732,,252,44,,,0
38019,'1481204',1802,,253,44,,,0
38019,'1481205',1832,,254,44,,,0
38019,'1481206',1902,,255,44,,,0
38019,'1481207',1932,,256,44,,,0
38019,'1481267',702,,257,44,,,0
38019,'1481268',732,,258,44,,,0
38019,'1481269',802,,259,44,,,0
38019,'1481270',832,,260,44,,,0
38019,'1481271',902,,261,44,,,0
38019,'1481272',932,,262,44,,,0
38019,'1481273',1002,,263,44,,,0
38019,'1481274',1032,,264,44,,,0
38019,'1481275',1102,,265,44,,,0
38019,'1481276',1132,,266,44,,,0
38019,'1481277',1202,,267,44,,,0
38019,'1481278',1232,,268,44,,,0
38019,'1481279',1302,,269,44,,,0
38019,'1481280',1332,,270,44,,,0
38019,'1481281',1402,,271,44,,,0
38019,'1481282',1432,,272,44,,,0
38019,'1481283',1502,,273,44,,,0
38019,'1481284',1532,,274,44,,,0
38019,'1481285',1602,,275,44,,,0
38019,'1481286',1632,,276,44,,,0
38019,'1481287',1702,,277,44,,,0
38019,'1481288',1732,,278,44,,,0
38019,'1481289',1802,,279,44,,,0
38019,'1481290',1832,,280,44,,,0
38019,'1481291',1905,,281,44,,,0
38019,'1481292',1935,,282,44,,,0
901029,'1481215',2256,,303,31,,,0
901029,'1481216',2156,,304,31,,,0
901029,'1481217',2056,,305,31,,,0
901029,'1481218',1956,,306,31,,,0
901029,'1481231',856,,318,31,,,0
901029,'1481232',956,,319,31,,,0
901029,'1481233',1056,,320,31,,,0
901029,'1481234',1156,,321,31,,,0
901029,'1481235',1256,,322,31,,,0
901029,'1481236',1356,,323,31,,,0
901029,'1481237',1456,,324,31,,,0
901029,'1481238',1556,,325,31,,,0
901029,'1481239',1656,,326,31,,,0
901029,'1481240',1756,,327,31,,,0
901029,'1481300',2256,,332,31,,,0
901029,'1481301',2156,,333,31,,,0
901029,'1481302',2056,,334,31,,,0
901029,'1481303',1956,,335,31,,,0
76000019,'1442746',1011,,364,23,,,0
76000019,'1442836',1141,,365,23,,,0
76000019,'1442868',1241,,366,23,,,0
76000019,'1442936',1441,,367,23,,,0
76000019,'1442948',1311,,368,23,,,0
76000019,'1442960',1111,,369,23,,,0
76000019,'1443166',1511,,370,23,,,0
76000019,'1443237',1611,,371,23,,,0
76000019,'1443568',1641,,372,23,,,0
76000019,'1443930',1711,,373,23,,,0
76000019,'1444078',1211,,374,23,,,0
76000019,'1444147',1741,,375,23,,,0
76000019,'1444253',1041,,376,23,,,0
76000019,'1444707',1541,,377,23,,,0
