509,'1442650',1103,,1,3,,,0
509,'1442688',1003,,2,3,,,0
509,'1442690',903,,3,3,,,0
509,'1442938',1703,,4,3,,,0
509,'1443029',1603,,5,3,,,0
509,'1443081',803,,6,3,,,0
509,'1443286',1203,,7,3,,,0
509,'1443417',1803,,8,3,,,0
509,'1443735',1403,,9,3,,,0
509,'1443904',1503,,10,3,,,0
509,'1443973',703,,11,3,,,0
509,'1444646',1303,,12,3,,,0
509,'1468946',703,,13,3,,,0
509,'1468947',803,,14,3,,,0
509,'1468948',903,,15,3,,,0
509,'1468949',1003,,16,3,,,0
509,'1468950',1103,,17,3,,,0
509,'1468951',1203,,18,3,,,0
509,'1468952',1303,,19,3,,,0
509,'1468953',1403,,20,3,,,0
509,'1468954',1503,,21,3,,,0
509,'1468955',1603,,22,3,,,0
509,'1468956',1703,,23,3,,,0
509,'1468957',1803,,24,3,,,0
