6019,'1481208',2216,,25,25,,,0
6019,'1481209',2116,,26,25,,,0
6019,'1481210',2016,,27,25,,,0
6019,'1481293',2216,,28,25,,,0
6019,'1481294',2116,,29,25,,,0
6019,'1481295',2016,,30,25,,,0
37019,'1481156',652,,179,25,,,0
37019,'1481157',722,,180,25,,,0
37019,'1481158',752,,181,25,,,0
37019,'1481159',822,,182,25,,,0
37019,'1481160',852,,183,25,,,0
37019,'1481161',922,,184,25,,,0
37019,'1481162',952,,185,25,,,0
37019,'1481163',1022,,186,25,,,0
37019,'1481164',1052,,187,25,,,0
37019,'1481165',1122,,188,25,,,0
37019,'1481166',1152,,189,25,,,0
37019,'1481167',1222,,190,25,,,0
37019,'1481168',1252,,191,25,,,0
37019,'1481169',1322,,192,25,,,0
37019,'1481170',1352,,193,25,,,0
37019,'1481171',1422,,194,25,,,0
37019,'1481172',1452,,195,25,,,0
37019,'1481173',1522,,196,25,,,0
37019,'1481174',1552,,197,25,,,0
37019,'1481175',1622,,198,25,,,0
37019,'1481176',1652,,199,25,,,0
37019,'1481177',1722,,200,25,,,0
37019,'1481178',1752,,201,25,,,0
37019,'1481179',1822,,202,25,,,0
37019,'1481180',1852,,203,25,,,0
37019,'1481181',1922,,204,25,,,0
37019,'1481241',652,,205,25,,,0
37019,'1481242',722,,206,25,,,0
37019,'1481243',752,,207,25,,,0
37019,'1481244',822,,208,25,,,0
37019,'1481245',852,,209,25,,,0
37019,'1481246',922,,210,25,,,0
37019,'1481247',952,,211,25,,,0
37019,'1481248',1022,,212,25,,,0
37019,'1481249',1052,,213,25,,,0
37019,'1481250',1122,,214,25,,,0
37019,'1481251',1152,,215,25,,,0
37019,'1481252',1222,,216,25,,,0
37019,'1481253',1252,,217,25,,,0
37019,'1481254',1322,,218,25,,,0
37019,'1481255',1352,,219,25,,,0
37019,'1481256',1422,,220,25,,,0
37019,'1481257',1452,,221,25,,,0
37019,'1481258',1522,,222,25,,,0
37019,'1481259',1552,,223,25,,,0
37019,'1481260',1622,,224,25,,,0
37019,'1481261',1652,,225,25,,,0
37019,'1481262',1722,,226,25,,,0
37019,'1481263',1752,,227,25,,,0
37019,'1481264',1822,,228,25,,,0
37019,'1481265',1852,,229,25,,,0
37019,'1481266',1922,,230,25,,,0
38019,'1481182',713,,231,53,,,0
38019,'1481183',743,,232,53,,,0
38019,'1481184',813,,233,53,,,0
38019,'1481185',843,,234,53,,,0
38019,'1481186',913,,235,53,,,0
38019,'1481187',943,,236,53,,,0
38019,'1481188',1013,,237,53,,,0
38019,'1481189',1043,,238,53,,,0
38019,'1481190',1113,,239,53,,,0
38019,'1481191',1143,,240,53,,,0
38019,'1481192',1213,,241,53,,,0
38019,'1481193',1243,,242,53,,,0
38019,'1481194',1313,,243,53,,,0
38019,'1481195',1343,,244,53,,,0
38019,'1481196',1413,,245,53,,,0
38019,'1481197',1443,,246,53,,,0
38019,'1481198',1513,,247,53,,,0
38019,'1481199',1543,,248,53,,,0
38019,'1481200',1613,,249,53,,,0
38019,'1481201',1643,,250,53,,,0
38019,'1481202',1713,,251,53,,,0
38019,'1481203',1743,,252,53,,,0
38019,'1481204',1813,,253,53,,,0
38019,'1481205',1843,,254,53,,,0
38019,'1481206',1913,,255,53,,,0
38019,'1481207',1943,,256,53,,,0
38019,'1481267',713,,257,53,,,0
38019,'1481268',743,,258,53,,,0
38019,'1481269',813,,259,53,,,0
38019,'1481270',843,,260,53,,,0
38019,'1481271',913,,261,53,,,0
38019,'1481272',943,,262,53,,,0
38019,'1481273',1013,,263,53,,,0
38019,'1481274',1043,,264,53,,,0
38019,'1481275',1113,,265,53,,,0
38019,'1481276',1143,,266,53,,,0
38019,'1481277',1213,,267,53,,,0
38019,'1481278',1243,,268,53,,,0
38019,'1481279',1313,,269,53,,,0
38019,'1481280',1343,,270,53,,,0
38019,'1481281',1413,,271,53,,,0
38019,'1481282',1443,,272,53,,,0
38019,'1481283',1513,,273,53,,,0
38019,'1481284',1543,,274,53,,,0
38019,'1481285',1613,,275,53,,,0
38019,'1481286',1643,,276,53,,,0
38019,'1481287',1713,,277,53,,,0
38019,'1481288',1743,,278,53,,,0
38019,'1481289',1813,,279,53,,,0
38019,'1481290',1843,,280,53,,,0
38019,'1481291',1916,,281,53,,,0
38019,'1481292',1946,,282,53,,,0
76000019,'1442746',1015,,364,27,,,0
76000019,'1442836',1145,,365,27,,,0
76000019,'1442868',1245,,366,27,,,0
76000019,'1442936',1445,,367,27,,,0
76000019,'1442948',1315,,368,27,,,0
76000019,'1442960',1115,,369,27,,,0
76000019,'1443166',1515,,370,27,,,0
76000019,'1443237',1615,,371,27,,,0
76000019,'1443568',1645,,372,27,,,0
76000019,'1443930',1715,,373,27,,,0
76000019,'1444078',1215,,374,27,,,0
76000019,'1444147',1745,,375,27,,,0
76000019,'1444253',1045,,376,27,,,0
76000019,'1444707',1545,,377,27,,,0
