6019,'1481208',2205,,25,7,,,0
6019,'1481209',2105,,26,7,,,0
6019,'1481210',2005,,27,7,,,0
6019,'1481293',2205,,28,7,,,0
6019,'1481294',2105,,29,7,,,0
6019,'1481295',2005,,30,7,,,0
37019,'1481156',636,,179,7,,,0
37019,'1481157',706,,180,7,,,0
37019,'1481158',736,,181,7,,,0
37019,'1481159',806,,182,7,,,0
37019,'1481160',836,,183,7,,,0
37019,'1481161',906,,184,7,,,0
37019,'1481162',936,,185,7,,,0
37019,'1481163',1006,,186,7,,,0
37019,'1481164',1036,,187,7,,,0
37019,'1481165',1106,,188,7,,,0
37019,'1481166',1136,,189,7,,,0
37019,'1481167',1206,,190,7,,,0
37019,'1481168',1236,,191,7,,,0
37019,'1481169',1306,,192,7,,,0
37019,'1481170',1336,,193,7,,,0
37019,'1481171',1406,,194,7,,,0
37019,'1481172',1436,,195,7,,,0
37019,'1481173',1506,,196,7,,,0
37019,'1481174',1536,,197,7,,,0
37019,'1481175',1606,,198,7,,,0
37019,'1481176',1636,,199,7,,,0
37019,'1481177',1706,,200,7,,,0
37019,'1481178',1736,,201,7,,,0
37019,'1481179',1806,,202,7,,,0
37019,'1481180',1836,,203,7,,,0
37019,'1481181',1906,,204,7,,,0
37019,'1481241',636,,205,7,,,0
37019,'1481242',706,,206,7,,,0
37019,'1481243',736,,207,7,,,0
37019,'1481244',806,,208,7,,,0
37019,'1481245',836,,209,7,,,0
37019,'1481246',906,,210,7,,,0
37019,'1481247',936,,211,7,,,0
37019,'1481248',1006,,212,7,,,0
37019,'1481249',1036,,213,7,,,0
37019,'1481250',1106,,214,7,,,0
37019,'1481251',1136,,215,7,,,0
37019,'1481252',1206,,216,7,,,0
37019,'1481253',1236,,217,7,,,0
37019,'1481254',1306,,218,7,,,0
37019,'1481255',1336,,219,7,,,0
37019,'1481256',1406,,220,7,,,0
37019,'1481257',1436,,221,7,,,0
37019,'1481258',1506,,222,7,,,0
37019,'1481259',1536,,223,7,,,0
37019,'1481260',1606,,224,7,,,0
37019,'1481261',1636,,225,7,,,0
37019,'1481262',1706,,226,7,,,0
37019,'1481263',1736,,227,7,,,0
37019,'1481264',1806,,228,7,,,0
37019,'1481265',1836,,229,7,,,0
37019,'1481266',1906,,230,7,,,0
