709,'1442686',2144,,31,26,,,0
709,'1443170',2044,,32,26,,,0
709,'1443421',2045,,33,26,,,0
709,'1444160',1945,,34,26,,,0
709,'1444518',1944,,35,26,,,0
709,'1444604',2145,,36,26,,,0
3709,'1481156',654,,179,29,,,0,5,,179,39,,,0
3709,'1481157',724,,180,29,,,0,5,,180,39,,,0
3709,'1481158',754,,181,29,,,0,5,,181,39,,,0
3709,'1481159',824,,182,29,,,0,5,,182,39,,,0
3709,'1481160',854,,183,29,,,0,5,,183,39,,,0
3709,'1481161',924,,184,29,,,0,5,,184,39,,,0
3709,'1481162',954,,185,29,,,0,5,,185,39,,,0
3709,'1481163',1024,,186,29,,,0,5,,186,39,,,0
3709,'1481164',1054,,187,29,,,0,5,,187,39,,,0
3709,'1481165',1124,,188,29,,,0,5,,188,39,,,0
3709,'1481166',1154,,189,29,,,0,5,,189,39,,,0
3709,'1481167',1224,,190,29,,,0,5,,190,39,,,0
3709,'1481168',1254,,191,29,,,0,5,,191,39,,,0
3709,'1481169',1324,,192,29,,,0,5,,192,39,,,0
3709,'1481170',1354,,193,29,,,0,5,,193,39,,,0
3709,'1481171',1424,,194,29,,,0,5,,194,39,,,0
3709,'1481172',1454,,195,29,,,0,5,,195,39,,,0
3709,'1481173',1524,,196,29,,,0,5,,196,39,,,0
3709,'1481174',1554,,197,29,,,0,5,,197,39,,,0
3709,'1481175',1624,,198,29,,,0,5,,198,39,,,0
3709,'1481176',1654,,199,29,,,0,5,,199,39,,,0
3709,'1481177',1724,,200,29,,,0,5,,200,39,,,0
3709,'1481178',1754,,201,29,,,0,5,,201,39,,,0
3709,'1481179',1824,,202,29,,,0,5,,202,39,,,0
3709,'1481180',1854,,203,29,,,0,5,,203,39,,,0
3709,'1481181',1924,,204,29,,,0,5,,204,39,,,0
3709,'1481241',654,,205,29,,,0,5,,205,39,,,0
3709,'1481242',724,,206,29,,,0,5,,206,39,,,0
3709,'1481243',754,,207,29,,,0,5,,207,39,,,0
3709,'1481244',824,,208,29,,,0,5,,208,39,,,0
3709,'1481245',854,,209,29,,,0,5,,209,39,,,0
3709,'1481246',924,,210,29,,,0,5,,210,39,,,0
3709,'1481247',954,,211,29,,,0,5,,211,39,,,0
3709,'1481248',1024,,212,29,,,0,5,,212,39,,,0
3709,'1481249',1054,,213,29,,,0,5,,213,39,,,0
3709,'1481250',1124,,214,29,,,0,5,,214,39,,,0
3709,'1481251',1154,,215,29,,,0,5,,215,39,,,0
3709,'1481252',1224,,216,29,,,0,5,,216,39,,,0
3709,'1481253',1254,,217,29,,,0,5,,217,39,,,0
3709,'1481254',1324,,218,29,,,0,5,,218,39,,,0
3709,'1481255',1354,,219,29,,,0,5,,219,39,,,0
3709,'1481256',1424,,220,29,,,0,5,,220,39,,,0
3709,'1481257',1454,,221,29,,,0,5,,221,39,,,0
3709,'1481258',1524,,222,29,,,0,5,,222,39,,,0
3709,'1481259',1554,,223,29,,,0,5,,223,39,,,0
3709,'1481260',1624,,224,29,,,0,5,,224,39,,,0
3709,'1481261',1654,,225,29,,,0,5,,225,39,,,0
3709,'1481262',1724,,226,29,,,0,5,,226,39,,,0
3709,'1481263',1754,,227,29,,,0,5,,227,39,,,0
3709,'1481264',1824,,228,29,,,0,5,,228,39,,,0
3709,'1481265',1854,,229,29,,,0,5,,229,39,,,0
3709,'1481266',1924,,230,29,,,0,5,,230,39,,,0
