16019,'1442759',1203,,63,33,0,5,0
16019,'1442908',1703,,64,33,0,5,0
16019,'1443382',1603,,65,33,0,5,0
16019,'1443639',1003,,66,33,0,5,0
16019,'1443689',1903,,67,33,0,5,0
16019,'1443695',1103,,68,33,0,5,0
16019,'1443794',1303,,69,33,0,5,0
16019,'1443910',1503,,70,33,0,5,0
16019,'1443990',1403,,71,33,0,5,0
16019,'1444348',1803,,72,33,0,5,0
16019,'1444457',903,,73,33,0,5,0
16019,'1444527',803,,74,33,0,5,0
16019,'1444699',703,,75,33,0,5,0
16019,'1471644',703,,76,35,0,6 7,0
16019,'1471645',803,,77,35,0,6 7,0
16019,'1471646',903,,78,35,0,6 7,0
16019,'1471647',1003,,79,35,0,6 7,0
16019,'1471648',1103,,80,35,0,6 7,0
16019,'1471649',1203,,81,35,0,6 7,0
16019,'1471650',1303,,82,35,0,6 7,0
16019,'1471651',1403,,83,35,0,6 7,0
16019,'1471652',1503,,84,35,0,6 7,0
16019,'1471653',1603,,85,35,0,6 7,0
16019,'1471654',1703,,86,35,0,6 7,0
16019,'1471655',1803,,87,35,0,6 7,0
16019,'1471656',1903,,88,35,0,6 7,0
16019,'1471657',733,,89,35,0,6 7,0
16019,'1471658',833,,90,35,0,6 7,0
16019,'1471659',933,,91,35,0,6 7,0
16019,'1471660',1133,,92,36,0,8,0
16019,'1471661',1633,,93,35,0,6 7,0
16019,'1471662',1233,,94,36,0,8,0
16019,'1471663',1333,,95,36,0,8,0
16019,'1471664',1733,,96,35,0,6 7,0
16019,'1471665',1833,,97,35,0,6 7,0
16019,'1471666',1033,,98,36,0,8,0
16019,'1471667',1533,,99,35,0,6 7,0
16019,'1471668',1433,,100,36,0,8,0
901019,'1481211',2256,,299,33,,,0
901019,'1481212',1956,,300,33,,,0
901019,'1481213',2056,,301,33,,,0
901019,'1481214',2156,,302,33,,,0
901019,'1481220',856,,307,33,,,0
901019,'1481221',956,,308,33,,,0
901019,'1481222',1056,,309,33,,,0
901019,'1481223',1156,,310,33,,,0
901019,'1481224',1256,,311,33,,,0
901019,'1481225',1356,,312,33,,,0
901019,'1481226',1456,,313,33,,,0
901019,'1481227',1556,,314,33,,,0
901019,'1481228',1656,,315,33,,,0
901019,'1481229',1756,,316,33,,,0
901019,'1481230',1856,,317,33,,,0
901019,'1481296',2303,,328,33,,,0
901019,'1481297',2003,,329,33,,,0
901019,'1481298',2103,,330,33,,,0
901019,'1481299',2203,,331,33,,,0
