3209,'1442596',1811,,141,18,,,0
3209,'1442687',941,,142,18,,,0
3209,'1442754',641,,143,18,,,0
3209,'1442760',1411,,144,18,,,0
3209,'1442882',1741,,145,18,,,0
3209,'1442921',1341,,146,18,,,0
3209,'1442945',1541,,147,18,,,0
3209,'1443019',1041,,148,18,,,0
3209,'1443027',1741,,149,18,,,0
3209,'1443032',1141,,150,18,,,0
3209,'1443124',1011,,151,18,,,0
3209,'1443173',1711,,152,18,,,0
3209,'1443223',841,,153,18,,,0
3209,'1443230',741,,154,18,,,0
3209,'1443346',1211,,155,18,,,0
3209,'1443371',1641,,156,18,,,0
3209,'1443418',641,,157,18,,,0
3209,'1443451',1841,,158,18,,,0
3209,'1443460',1511,,159,18,,,0
3209,'1443559',1341,,160,18,,,0
3209,'1443566',1441,,161,18,,,0
3209,'1443666',941,,162,18,,,0
3209,'1443678',1441,,163,18,,,0
3209,'1443693',911,,164,18,,,0
3209,'1443729',1111,,165,18,,,0
3209,'1443750',1241,,166,18,,,0
3209,'1443756',711,,167,18,,,0
3209,'1443859',841,,168,18,,,0
3209,'1443893',1841,,169,18,,,0
3209,'1444067',1141,,170,18,,,0
3209,'1444076',741,,171,18,,,0
3209,'1444125',1311,,172,18,,,0
3209,'1444263',1041,,173,18,,,0
3209,'1444410',1611,,174,18,,,0
3209,'1444513',1241,,175,18,,,0
3209,'1444517',811,,176,18,,,0
3209,'1444645',1641,,177,18,,,0
3209,'1444700',1541,,178,18,,,0
90209,'1442632',2241,,337,18,0,9 10,0
90209,'1442824',2241,,338,18,0,9 10,0
90209,'1442866',1241,,339,18,0,9 10,0
90209,'1443008',1141,,340,18,0,9 10,0
90209,'1443149',1541,,341,18,0,9 10,0
90209,'1443169',2041,,342,18,0,9 10,0
90209,'1443298',2041,,344,18,0,9 10,0
90209,'1443323',1641,,345,18,0,9 10,0
90209,'1443365',1041,,347,18,0,9 10,0
90209,'1443389',1941,,348,18,0,9 10,0
90209,'1443612',2141,,349,18,0,9 10,0
90209,'1443718',1341,,351,18,0,9 10,0
90209,'1443721',2141,,352,18,0,9 10,0
90209,'1443889',1941,,355,18,0,9 10,0
90209,'1444136',941,,356,18,0,9 10,0
