31019,'1442657',1300,,102,1,,,0,22,,102,34,4,,0
31019,'1442704',1730,,103,1,,,0,25,,103,34,4,,0
31019,'1442731',1100,,104,1,,,0,22,,104,34,4,,0
31019,'1442816',1030,,105,1,,,0,25,,105,34,4,,0
31019,'1442926',800,,106,1,,,0,22,,106,34,4,,0
31019,'1442939',800,,107,1,,,0,25,,107,34,4,,0
31019,'1442988',900,,108,1,,,0,25,,108,34,4,,0
31019,'1443001',1500,,109,1,,,0,25,,109,34,4,,0
31019,'1443020',1000,,110,1,,,0,22,,110,34,4,,0
31019,'1443042',930,,111,1,,,0,25,,111,34,4,,0
31019,'1443050',1300,,112,1,,,0,25,,112,34,4,,0
31019,'1443073',1500,,113,1,,,0,22,,113,34,4,,0
31019,'1443135',1400,,114,1,,,0,25,,114,34,4,,0
31019,'1443141',1530,,115,1,,,0,25,,115,34,4,,0
31019,'1443144',1130,,116,1,,,0,25,,116,34,4,,0
31019,'1443163',1200,,117,1,,,0,25,,117,34,4,,0
31019,'1443412',1430,,118,1,,,0,25,,118,34,4,,0
31019,'1443419',1330,,119,1,,,0,25,,119,34,4,,0
31019,'1443472',1230,,120,1,,,0,25,,120,34,4,,0
31019,'1443548',1400,,121,1,,,0,22,,121,34,4,,0
31019,'1443737',1800,,122,1,,,0,22,,122,34,4,,0
31019,'1443781',1830,,123,1,,,0,25,,123,34,4,,0
31019,'1443831',1800,,124,1,,,0,25,,124,34,4,,0
31019,'1443867',1200,,125,1,,,0,22,,125,34,4,,0
31019,'1443869',1000,,126,1,,,0,25,,126,34,4,,0
31019,'1443890',700,,127,1,,,0,22,,127,34,4,,0
31019,'1443895',700,,128,1,,,0,25,,128,34,4,,0
31019,'1444017',1900,,129,1,,,0,25,,129,34,4,,0
31019,'1444043',900,,130,1,,,0,22,,130,34,4,,0
31019,'1444183',1600,,131,1,,,0,25,,131,34,4,,0
31019,'1444283',1600,,132,1,,,0,22,,132,34,4,,0
31019,'1444351',1100,,133,1,,,0,25,,133,34,4,,0
31019,'1444464',1700,,134,1,,,0,22,,134,34,4,,0
31019,'1444532',830,,135,1,,,0,25,,135,34,4,,0
31019,'1444569',1630,,136,1,,,0,25,,136,34,4,,0
31019,'1444582',730,,137,1,,,0,25,,137,34,4,,0
31019,'1444595',630,,138,1,,,0,25,,138,34,4,,0
31019,'1444704',1900,,139,1,,,0,22,,139,34,4,,0
31019,'1444711',1700,,140,1,,,0,25,,140,34,4,,0
