1609,'1481219',2417,,101,2,4,,0
90109,'1481211',2230,,299,1,0,6,0,87,,299,54,4,,0
90109,'1481212',1930,,300,1,0,6,0,87,,300,54,4,,0
90109,'1481213',2030,,301,1,0,6,0,87,,301,54,4,,0
90109,'1481214',2130,,302,1,0,6,0,87,,302,54,4,,0
90109,'1481220',830,,307,1,0,6,0,87,,307,54,4,,0
90109,'1481221',930,,308,1,0,6,0,87,,308,54,4,,0
90109,'1481222',1030,,309,1,0,6,0,87,,309,54,4,,0
90109,'1481223',1130,,310,1,0,6,0,87,,310,54,4,,0
90109,'1481224',1230,,311,1,0,6,0,87,,311,54,4,,0
90109,'1481225',1330,,312,1,0,6,0,87,,312,54,4,,0
90109,'1481226',1430,,313,1,0,6,0,87,,313,54,4,,0
90109,'1481227',1530,,314,1,0,6,0,87,,314,54,4,,0
90109,'1481228',1630,,315,1,0,6,0,87,,315,54,4,,0
90109,'1481229',1730,,316,1,0,6,0,87,,316,54,4,,0
90109,'1481230',1830,,317,1,0,6,0,87,,317,54,4,,0
90109,'1481296',2230,,328,1,0,6,0,95,,328,54,4,,0
90109,'1481297',1930,,329,1,0,6,0,95,,329,54,4,,0
90109,'1481298',2030,,330,1,0,6,0,95,,330,54,4,,0
90109,'1481299',2130,,331,1,0,6,0,95,,331,54,4,,0
