38019,'1481182',646,,231,20,,,0
38019,'1481183',716,,232,20,,,0
38019,'1481184',746,,233,20,,,0
38019,'1481185',816,,234,20,,,0
38019,'1481186',846,,235,20,,,0
38019,'1481187',916,,236,20,,,0
38019,'1481188',946,,237,20,,,0
38019,'1481189',1016,,238,20,,,0
38019,'1481190',1046,,239,20,,,0
38019,'1481191',1116,,240,20,,,0
38019,'1481192',1146,,241,20,,,0
38019,'1481193',1216,,242,20,,,0
38019,'1481194',1246,,243,20,,,0
38019,'1481195',1316,,244,20,,,0
38019,'1481196',1346,,245,20,,,0
38019,'1481197',1416,,246,20,,,0
38019,'1481198',1446,,247,20,,,0
38019,'1481199',1516,,248,20,,,0
38019,'1481200',1546,,249,20,,,0
38019,'1481201',1616,,250,20,,,0
38019,'1481202',1646,,251,20,,,0
38019,'1481203',1716,,252,20,,,0
38019,'1481204',1746,,253,20,,,0
38019,'1481205',1816,,254,20,,,0
38019,'1481206',1846,,255,20,,,0
38019,'1481207',1916,,256,20,,,0
38019,'1481267',646,,257,20,,,0
38019,'1481268',716,,258,20,,,0
38019,'1481269',746,,259,20,,,0
38019,'1481270',816,,260,20,,,0
38019,'1481271',846,,261,20,,,0
38019,'1481272',916,,262,20,,,0
38019,'1481273',946,,263,20,,,0
38019,'1481274',1016,,264,20,,,0
38019,'1481275',1046,,265,20,,,0
38019,'1481276',1116,,266,20,,,0
38019,'1481277',1146,,267,20,,,0
38019,'1481278',1216,,268,20,,,0
38019,'1481279',1246,,269,20,,,0
38019,'1481280',1316,,270,20,,,0
38019,'1481281',1346,,271,20,,,0
38019,'1481282',1416,,272,20,,,0
38019,'1481283',1446,,273,20,,,0
38019,'1481284',1516,,274,20,,,0
38019,'1481285',1546,,275,20,,,0
38019,'1481286',1616,,276,20,,,0
38019,'1481287',1646,,277,20,,,0
38019,'1481288',1716,,278,20,,,0
38019,'1481289',1746,,279,20,,,0
38019,'1481290',1816,,280,20,,,0
38019,'1481291',1846,,281,20,,,0
38019,'1481292',1916,,282,20,,,0
901029,'1481215',2246,,303,22,,,0
901029,'1481216',2146,,304,22,,,0
901029,'1481217',2046,,305,22,,,0
901029,'1481218',1946,,306,22,,,0
901029,'1481231',846,,318,22,,,0
901029,'1481232',946,,319,22,,,0
901029,'1481233',1046,,320,22,,,0
901029,'1481234',1146,,321,22,,,0
901029,'1481235',1246,,322,22,,,0
901029,'1481236',1346,,323,22,,,0
901029,'1481237',1446,,324,22,,,0
901029,'1481238',1546,,325,22,,,0
901029,'1481239',1646,,326,22,,,0
901029,'1481240',1746,,327,22,,,0
901029,'1481300',2246,,332,22,,,0
901029,'1481301',2146,,333,22,,,0
901029,'1481302',2046,,334,22,,,0
901029,'1481303',1946,,335,22,,,0
