5019,'1442650',1117,,1,20,,,0
5019,'1442688',1017,,2,20,,,0
5019,'1442690',917,,3,20,,,0
5019,'1442938',1717,,4,20,,,0
5019,'1443029',1617,,5,20,,,0
5019,'1443081',817,,6,20,,,0
5019,'1443286',1217,,7,20,,,0
5019,'1443417',1817,,8,20,,,0
5019,'1443735',1417,,9,20,,,0
5019,'1443904',1517,,10,20,,,0
5019,'1443973',717,,11,20,,,0
5019,'1444646',1317,,12,20,,,0
5019,'1468946',717,,13,20,,,0
5019,'1468947',817,,14,20,,,0
5019,'1468948',917,,15,20,,,0
5019,'1468949',1017,,16,20,,,0
5019,'1468950',1117,,17,20,,,0
5019,'1468951',1217,,18,20,,,0
5019,'1468952',1317,,19,20,,,0
5019,'1468953',1417,,20,20,,,0
5019,'1468954',1517,,21,20,,,0
5019,'1468955',1617,,22,20,,,0
5019,'1468956',1717,,23,20,,,0
5019,'1468957',1817,,24,20,,,0
902029,'1442623',2013,,336,15,,,0
902029,'1443277',2113,,343,15,,,0
902029,'1443327',2213,,346,15,,,0
902029,'1443696',2013,,350,15,,,0
902029,'1443801',1513,,353,15,,,0
902029,'1443882',1713,,354,15,,,0
902029,'1444181',1313,,357,15,,,0
902029,'1444215',2213,,358,15,,,0
902029,'1444222',1213,,359,15,,,0
902029,'1444364',1613,,360,15,,,0
902029,'1444425',1113,,361,15,,,0
902029,'1444479',2113,,362,15,,,0
902029,'1444524',1013,,363,15,,,0
