31019,'1442657',1318,,102,26,,,0
31019,'1442704',1752,,103,26,,,0
31019,'1442731',1118,,104,26,,,0
31019,'1442816',1052,,105,26,,,0
31019,'1442926',818,,106,26,,,0
31019,'1442939',822,,107,26,,,0
31019,'1442988',922,,108,26,,,0
31019,'1443001',1522,,109,26,,,0
31019,'1443020',1018,,110,26,,,0
31019,'1443042',952,,111,26,,,0
31019,'1443050',1322,,112,26,,,0
31019,'1443073',1518,,113,26,,,0
31019,'1443135',1422,,114,26,,,0
31019,'1443141',1552,,115,26,,,0
31019,'1443144',1152,,116,26,,,0
31019,'1443163',1222,,117,26,,,0
31019,'1443412',1452,,118,26,,,0
31019,'1443419',1352,,119,26,,,0
31019,'1443472',1252,,120,26,,,0
31019,'1443548',1418,,121,26,,,0
31019,'1443737',1818,,122,26,,,0
31019,'1443781',1852,,123,26,,,0
31019,'1443831',1822,,124,26,,,0
31019,'1443867',1218,,125,26,,,0
31019,'1443869',1022,,126,26,,,0
31019,'1443890',718,,127,26,,,0
31019,'1443895',722,,128,26,,,0
31019,'1444017',1922,,129,26,,,0
31019,'1444043',918,,130,26,,,0
31019,'1444183',1622,,131,26,,,0
31019,'1444283',1618,,132,26,,,0
31019,'1444351',1122,,133,26,,,0
31019,'1444464',1718,,134,26,,,0
31019,'1444532',852,,135,26,,,0
31019,'1444569',1652,,136,26,,,0
31019,'1444582',752,,137,26,,,0
31019,'1444595',652,,138,26,,,0
31019,'1444704',1918,,139,26,,,0
31019,'1444711',1722,,140,26,,,0
