16019,'1442759',1152,,63,24,0,5,0
16019,'1442908',1652,,64,24,0,5,0
16019,'1443382',1552,,65,24,0,5,0
16019,'1443639',952,,66,24,0,5,0
16019,'1443689',1852,,67,24,0,5,0
16019,'1443695',1052,,68,24,0,5,0
16019,'1443794',1252,,69,24,0,5,0
16019,'1443910',1452,,70,24,0,5,0
16019,'1443990',1352,,71,24,0,5,0
16019,'1444348',1752,,72,24,0,5,0
16019,'1444457',852,,73,24,0,5,0
16019,'1444527',752,,74,24,0,5,0
16019,'1444699',652,,75,24,0,5,0
16019,'1471644',652,,76,24,0,6 7,0
16019,'1471645',752,,77,24,0,6 7,0
16019,'1471646',852,,78,24,0,6 7,0
16019,'1471647',952,,79,24,0,6 7,0
16019,'1471648',1052,,80,24,0,6 7,0
16019,'1471649',1152,,81,24,0,6 7,0
16019,'1471650',1252,,82,24,0,6 7,0
16019,'1471651',1352,,83,24,0,6 7,0
16019,'1471652',1452,,84,24,0,6 7,0
16019,'1471653',1552,,85,24,0,6 7,0
16019,'1471654',1652,,86,24,0,6 7,0
16019,'1471655',1752,,87,24,0,6 7,0
16019,'1471656',1852,,88,24,0,6 7,0
16019,'1471657',722,,89,24,0,6 7,0
16019,'1471658',822,,90,24,0,6 7,0
16019,'1471659',922,,91,24,0,6 7,0
16019,'1471660',1122,,92,25,0,8,0
16019,'1471661',1622,,93,24,0,6 7,0
16019,'1471662',1222,,94,25,0,8,0
16019,'1471663',1322,,95,25,0,8,0
16019,'1471664',1722,,96,24,0,6 7,0
16019,'1471665',1822,,97,24,0,6 7,0
16019,'1471666',1022,,98,25,0,8,0
16019,'1471667',1522,,99,24,0,6 7,0
16019,'1471668',1422,,100,25,0,8,0
901019,'1481211',2248,,299,24,,,0
901019,'1481212',1948,,300,24,,,0
901019,'1481213',2048,,301,24,,,0
901019,'1481214',2148,,302,24,,,0
901019,'1481220',848,,307,24,,,0
901019,'1481221',948,,308,24,,,0
901019,'1481222',1048,,309,24,,,0
901019,'1481223',1148,,310,24,,,0
901019,'1481224',1248,,311,24,,,0
901019,'1481225',1348,,312,24,,,0
901019,'1481226',1448,,313,24,,,0
901019,'1481227',1548,,314,24,,,0
901019,'1481228',1648,,315,24,,,0
901019,'1481229',1748,,316,24,,,0
901019,'1481230',1848,,317,24,,,0
901019,'1481296',2250,,328,24,,,0
901019,'1481297',1950,,329,24,,,0
901019,'1481298',2050,,330,24,,,0
901019,'1481299',2150,,331,24,,,0
