3209,'1442596',1810,,141,16,,,0
3209,'1442687',940,,142,16,,,0
3209,'1442754',640,,143,16,,,0
3209,'1442760',1410,,144,16,,,0
3209,'1442882',1740,,145,16,,,0
3209,'1442921',1340,,146,16,,,0
3209,'1442945',1540,,147,16,,,0
3209,'1443019',1040,,148,16,,,0
3209,'1443027',1740,,149,16,,,0
3209,'1443032',1140,,150,16,,,0
3209,'1443124',1010,,151,16,,,0
3209,'1443173',1710,,152,16,,,0
3209,'1443223',840,,153,16,,,0
3209,'1443230',740,,154,16,,,0
3209,'1443346',1210,,155,16,,,0
3209,'1443371',1640,,156,16,,,0
3209,'1443418',640,,157,16,,,0
3209,'1443451',1840,,158,16,,,0
3209,'1443460',1510,,159,16,,,0
3209,'1443559',1340,,160,16,,,0
3209,'1443566',1440,,161,16,,,0
3209,'1443666',940,,162,16,,,0
3209,'1443678',1440,,163,16,,,0
3209,'1443693',910,,164,16,,,0
3209,'1443729',1110,,165,16,,,0
3209,'1443750',1240,,166,16,,,0
3209,'1443756',710,,167,16,,,0
3209,'1443859',840,,168,16,,,0
3209,'1443893',1840,,169,16,,,0
3209,'1444067',1140,,170,16,,,0
3209,'1444076',740,,171,16,,,0
3209,'1444125',1310,,172,16,,,0
3209,'1444263',1040,,173,16,,,0
3209,'1444410',1610,,174,16,,,0
3209,'1444513',1240,,175,16,,,0
3209,'1444517',810,,176,16,,,0
3209,'1444645',1640,,177,16,,,0
3209,'1444700',1540,,178,16,,,0
90209,'1442632',2240,,337,16,0,9 10,0
90209,'1442824',2240,,338,16,0,9 10,0
90209,'1442866',1240,,339,16,0,9 10,0
90209,'1443008',1140,,340,16,0,9 10,0
90209,'1443149',1540,,341,16,0,9 10,0
90209,'1443169',2040,,342,16,0,9 10,0
90209,'1443298',2040,,344,16,0,9 10,0
90209,'1443323',1640,,345,16,0,9 10,0
90209,'1443365',1040,,347,16,0,9 10,0
90209,'1443389',1940,,348,16,0,9 10,0
90209,'1443612',2140,,349,16,0,9 10,0
90209,'1443718',1340,,351,16,0,9 10,0
90209,'1443721',2140,,352,16,0,9 10,0
90209,'1443889',1940,,355,16,0,9 10,0
90209,'1444136',940,,356,16,0,9 10,0
