6019,'1481208',2203,,25,4,,,0
6019,'1481209',2103,,26,4,,,0
6019,'1481210',2003,,27,4,,,0
6019,'1481293',2203,,28,4,,,0
6019,'1481294',2103,,29,4,,,0
6019,'1481295',2003,,30,4,,,0
7019,'1442686',2133,,31,4,0,5 15,0
7019,'1443170',2033,,32,4,0,5 15,0
7019,'1443421',2033,,33,4,0,5 15,0
7019,'1444160',1933,,34,4,0,5 15,0
7019,'1444518',1933,,35,4,0,5 15,0
7019,'1444604',2133,,36,4,0,5 15,0
37019,'1481156',633,,179,4,,,0
37019,'1481157',703,,180,4,,,0
37019,'1481158',733,,181,4,,,0
37019,'1481159',803,,182,4,,,0
37019,'1481160',833,,183,4,,,0
37019,'1481161',903,,184,4,,,0
37019,'1481162',933,,185,4,,,0
37019,'1481163',1003,,186,4,,,0
37019,'1481164',1033,,187,4,,,0
37019,'1481165',1103,,188,4,,,0
37019,'1481166',1133,,189,4,,,0
37019,'1481167',1203,,190,4,,,0
37019,'1481168',1233,,191,4,,,0
37019,'1481169',1303,,192,4,,,0
37019,'1481170',1333,,193,4,,,0
37019,'1481171',1403,,194,4,,,0
37019,'1481172',1433,,195,4,,,0
37019,'1481173',1503,,196,4,,,0
37019,'1481174',1533,,197,4,,,0
37019,'1481175',1603,,198,4,,,0
37019,'1481176',1633,,199,4,,,0
37019,'1481177',1703,,200,4,,,0
37019,'1481178',1733,,201,4,,,0
37019,'1481179',1803,,202,4,,,0
37019,'1481180',1833,,203,4,,,0
37019,'1481181',1903,,204,4,,,0
37019,'1481241',633,,205,4,,,0
37019,'1481242',703,,206,4,,,0
37019,'1481243',733,,207,4,,,0
37019,'1481244',803,,208,4,,,0
37019,'1481245',833,,209,4,,,0
37019,'1481246',903,,210,4,,,0
37019,'1481247',933,,211,4,,,0
37019,'1481248',1003,,212,4,,,0
37019,'1481249',1033,,213,4,,,0
37019,'1481250',1103,,214,4,,,0
37019,'1481251',1133,,215,4,,,0
37019,'1481252',1203,,216,4,,,0
37019,'1481253',1233,,217,4,,,0
37019,'1481254',1303,,218,4,,,0
37019,'1481255',1333,,219,4,,,0
37019,'1481256',1403,,220,4,,,0
37019,'1481257',1433,,221,4,,,0
37019,'1481258',1503,,222,4,,,0
37019,'1481259',1533,,223,4,,,0
37019,'1481260',1603,,224,4,,,0
37019,'1481261',1633,,225,4,,,0
37019,'1481262',1703,,226,4,,,0
37019,'1481263',1733,,227,4,,,0
37019,'1481264',1803,,228,4,,,0
37019,'1481265',1833,,229,4,,,0
37019,'1481266',1903,,230,4,,,0
76000019,'1442746',1003,,364,4,0,14,0
76000019,'1442836',1133,,365,4,0,14,0
76000019,'1442868',1233,,366,4,0,14,0
76000019,'1442936',1433,,367,4,0,14,0
76000019,'1442948',1303,,368,4,0,14,0
76000019,'1442960',1103,,369,4,0,14,0
76000019,'1443166',1503,,370,4,0,14,0
76000019,'1443237',1603,,371,4,0,14,0
76000019,'1443568',1633,,372,4,0,14,0
76000019,'1443930',1703,,373,4,0,14,0
76000019,'1444078',1203,,374,4,0,14,0
76000019,'1444147',1733,,375,4,0,14,0
76000019,'1444253',1033,,376,4,0,14,0
76000019,'1444707',1533,,377,4,0,14,0
