3109,'1442657',1316,,102,24,,,0
3109,'1442704',1751,,103,24,,,0
3109,'1442731',1116,,104,24,,,0
3109,'1442816',1051,,105,24,,,0
3109,'1442926',816,,106,24,,,0
3109,'1442939',821,,107,24,,,0
3109,'1442988',921,,108,24,,,0
3109,'1443001',1521,,109,24,,,0
3109,'1443020',1016,,110,24,,,0
3109,'1443042',951,,111,24,,,0
3109,'1443050',1321,,112,24,,,0
3109,'1443073',1516,,113,24,,,0
3109,'1443135',1421,,114,24,,,0
3109,'1443141',1551,,115,24,,,0
3109,'1443144',1151,,116,24,,,0
3109,'1443163',1221,,117,24,,,0
3109,'1443412',1451,,118,24,,,0
3109,'1443419',1351,,119,24,,,0
3109,'1443472',1251,,120,24,,,0
3109,'1443548',1416,,121,24,,,0
3109,'1443737',1816,,122,24,,,0
3109,'1443781',1851,,123,24,,,0
3109,'1443831',1821,,124,24,,,0
3109,'1443867',1216,,125,24,,,0
3109,'1443869',1021,,126,24,,,0
3109,'1443890',716,,127,24,,,0
3109,'1443895',721,,128,24,,,0
3109,'1444017',1921,,129,24,,,0
3109,'1444043',916,,130,24,,,0
3109,'1444183',1621,,131,24,,,0
3109,'1444283',1616,,132,24,,,0
3109,'1444351',1121,,133,24,,,0
3109,'1444464',1716,,134,24,,,0
3109,'1444532',851,,135,24,,,0
3109,'1444569',1651,,136,24,,,0
3109,'1444582',751,,137,24,,,0
3109,'1444595',651,,138,24,,,0
3109,'1444704',1916,,139,24,,,0
3109,'1444711',1721,,140,24,,,0
