7019,'1442686',2145,,31,28,,,0
7019,'1443170',2045,,32,28,,,0
7019,'1443421',2048,,33,28,,,0
7019,'1444160',1948,,34,28,,,0
7019,'1444518',1945,,35,28,,,0
7019,'1444604',2148,,36,28,,,0
37019,'1481156',700,,179,41,,,0
37019,'1481157',730,,180,41,,,0
37019,'1481158',800,,181,41,,,0
37019,'1481159',830,,182,41,,,0
37019,'1481160',900,,183,41,,,0
37019,'1481161',930,,184,41,,,0
37019,'1481162',1000,,185,41,,,0
37019,'1481163',1030,,186,41,,,0
37019,'1481164',1100,,187,41,,,0
37019,'1481165',1130,,188,41,,,0
37019,'1481166',1200,,189,41,,,0
37019,'1481167',1230,,190,41,,,0
37019,'1481168',1300,,191,41,,,0
37019,'1481169',1330,,192,41,,,0
37019,'1481170',1400,,193,41,,,0
37019,'1481171',1430,,194,41,,,0
37019,'1481172',1500,,195,41,,,0
37019,'1481173',1530,,196,41,,,0
37019,'1481174',1600,,197,41,,,0
37019,'1481175',1630,,198,41,,,0
37019,'1481176',1700,,199,41,,,0
37019,'1481177',1730,,200,41,,,0
37019,'1481178',1800,,201,41,,,0
37019,'1481179',1830,,202,41,,,0
37019,'1481180',1900,,203,41,,,0
37019,'1481181',1930,,204,41,,,0
37019,'1481241',700,,205,41,,,0
37019,'1481242',730,,206,41,,,0
37019,'1481243',800,,207,41,,,0
37019,'1481244',830,,208,41,,,0
37019,'1481245',900,,209,41,,,0
37019,'1481246',930,,210,41,,,0
37019,'1481247',1000,,211,41,,,0
37019,'1481248',1030,,212,41,,,0
37019,'1481249',1100,,213,41,,,0
37019,'1481250',1130,,214,41,,,0
37019,'1481251',1200,,215,41,,,0
37019,'1481252',1230,,216,41,,,0
37019,'1481253',1300,,217,41,,,0
37019,'1481254',1330,,218,41,,,0
37019,'1481255',1400,,219,41,,,0
37019,'1481256',1430,,220,41,,,0
37019,'1481257',1500,,221,41,,,0
37019,'1481258',1530,,222,41,,,0
37019,'1481259',1600,,223,41,,,0
37019,'1481260',1630,,224,41,,,0
37019,'1481261',1700,,225,41,,,0
37019,'1481262',1730,,226,41,,,0
37019,'1481263',1800,,227,41,,,0
37019,'1481264',1830,,228,41,,,0
37019,'1481265',1900,,229,41,,,0
37019,'1481266',1930,,230,41,,,0
