37019,'1481156',701,,179,43,,,0
37019,'1481157',731,,180,43,,,0
37019,'1481158',801,,181,43,,,0
37019,'1481159',831,,182,43,,,0
37019,'1481160',901,,183,43,,,0
37019,'1481161',931,,184,43,,,0
37019,'1481162',1001,,185,43,,,0
37019,'1481163',1031,,186,43,,,0
37019,'1481164',1101,,187,43,,,0
37019,'1481165',1131,,188,43,,,0
37019,'1481166',1201,,189,43,,,0
37019,'1481167',1231,,190,43,,,0
37019,'1481168',1301,,191,43,,,0
37019,'1481169',1331,,192,43,,,0
37019,'1481170',1401,,193,43,,,0
37019,'1481171',1431,,194,43,,,0
37019,'1481172',1501,,195,43,,,0
37019,'1481173',1531,,196,43,,,0
37019,'1481174',1601,,197,43,,,0
37019,'1481175',1631,,198,43,,,0
37019,'1481176',1701,,199,43,,,0
37019,'1481177',1731,,200,43,,,0
37019,'1481178',1801,,201,43,,,0
37019,'1481179',1831,,202,43,,,0
37019,'1481180',1901,,203,43,,,0
37019,'1481181',1931,,204,43,,,0
37019,'1481241',701,,205,43,,,0
37019,'1481242',731,,206,43,,,0
37019,'1481243',801,,207,43,,,0
37019,'1481244',831,,208,43,,,0
37019,'1481245',901,,209,43,,,0
37019,'1481246',931,,210,43,,,0
37019,'1481247',1001,,211,43,,,0
37019,'1481248',1031,,212,43,,,0
37019,'1481249',1101,,213,43,,,0
37019,'1481250',1131,,214,43,,,0
37019,'1481251',1201,,215,43,,,0
37019,'1481252',1231,,216,43,,,0
37019,'1481253',1301,,217,43,,,0
37019,'1481254',1331,,218,43,,,0
37019,'1481255',1401,,219,43,,,0
37019,'1481256',1431,,220,43,,,0
37019,'1481257',1501,,221,43,,,0
37019,'1481258',1531,,222,43,,,0
37019,'1481259',1601,,223,43,,,0
37019,'1481260',1631,,224,43,,,0
37019,'1481261',1701,,225,43,,,0
37019,'1481262',1731,,226,43,,,0
37019,'1481263',1801,,227,43,,,0
37019,'1481264',1831,,228,43,,,0
37019,'1481265',1901,,229,43,,,0
37019,'1481266',1931,,230,43,,,0
