32019,'1442596',1823,,141,42,,,0
32019,'1442687',953,,142,42,,,0
32019,'1442754',653,,143,42,,,0
32019,'1442760',1423,,144,42,,,0
32019,'1442882',1753,,145,42,,,0
32019,'1442921',1353,,146,42,,,0
32019,'1442945',1553,,147,42,,,0
32019,'1443019',1053,,148,42,,,0
32019,'1443027',1753,,149,42,,,0
32019,'1443032',1153,,150,42,,,0
32019,'1443124',1023,,151,42,,,0
32019,'1443173',1723,,152,42,,,0
32019,'1443223',853,,153,42,,,0
32019,'1443230',753,,154,42,,,0
32019,'1443346',1223,,155,42,,,0
32019,'1443371',1653,,156,42,,,0
32019,'1443418',653,,157,42,,,0
32019,'1443451',1853,,158,42,,,0
32019,'1443460',1523,,159,42,,,0
32019,'1443559',1353,,160,42,,,0
32019,'1443566',1453,,161,42,,,0
32019,'1443666',953,,162,42,,,0
32019,'1443678',1453,,163,42,,,0
32019,'1443693',923,,164,42,,,0
32019,'1443729',1123,,165,42,,,0
32019,'1443750',1253,,166,42,,,0
32019,'1443756',723,,167,42,,,0
32019,'1443859',853,,168,42,,,0
32019,'1443893',1853,,169,42,,,0
32019,'1444067',1153,,170,42,,,0
32019,'1444076',753,,171,42,,,0
32019,'1444125',1323,,172,42,,,0
32019,'1444263',1053,,173,42,,,0
32019,'1444410',1623,,174,42,,,0
32019,'1444513',1253,,175,42,,,0
32019,'1444517',823,,176,42,,,0
32019,'1444645',1653,,177,42,,,0
32019,'1444700',1553,,178,42,,,0
902019,'1442632',2252,,337,42,,,0
902019,'1442824',2252,,338,42,,,0
902019,'1442866',1252,,339,42,,,0
902019,'1443008',1152,,340,42,,,0
902019,'1443149',1552,,341,42,,,0
902019,'1443169',2052,,342,42,,,0
902019,'1443298',2052,,344,42,,,0
902019,'1443323',1652,,345,42,,,0
902019,'1443365',1052,,347,42,,,0
902019,'1443389',1952,,348,42,,,0
902019,'1443612',2152,,349,42,,,0
902019,'1443718',1352,,351,42,,,0
902019,'1443721',2152,,352,42,,,0
902019,'1443889',1952,,355,42,,,0
902019,'1444136',952,,356,42,,,0
