90109,'1481215',2318,,303,54,0,11 12,0
90109,'1481216',2218,,304,54,0,11 12,0
90109,'1481217',2118,,305,54,0,11 12,0
90109,'1481218',2018,,306,54,0,11 12,0
90109,'1481231',918,,318,54,0,11 12,0
90109,'1481232',1018,,319,54,0,11 12,0
90109,'1481233',1118,,320,54,0,11 12,0
90109,'1481234',1218,,321,54,0,11 12,0
90109,'1481235',1318,,322,54,0,11 12,0
90109,'1481236',1418,,323,54,0,11 12,0
90109,'1481237',1518,,324,54,0,11 12,0
90109,'1481238',1618,,325,54,0,11 12,0
90109,'1481239',1718,,326,54,0,11 12,0
90109,'1481240',1818,,327,54,0,11 12,0
90109,'1481300',2321,,332,54,0,11 12,0
90109,'1481301',2221,,333,54,0,11 12,0
90109,'1481302',2121,,334,54,0,11 12,0
90109,'1481303',2021,,335,54,0,11 12,0
