3109,'1442657',1320,,102,30,,,0
3109,'1442704',1754,,103,30,,,0
3109,'1442731',1120,,104,30,,,0
3109,'1442816',1054,,105,30,,,0
3109,'1442926',820,,106,30,,,0
3109,'1442939',824,,107,30,,,0
3109,'1442988',924,,108,30,,,0
3109,'1443001',1524,,109,30,,,0
3109,'1443020',1020,,110,30,,,0
3109,'1443042',954,,111,30,,,0
3109,'1443050',1324,,112,30,,,0
3109,'1443073',1520,,113,30,,,0
3109,'1443135',1424,,114,30,,,0
3109,'1443141',1554,,115,30,,,0
3109,'1443144',1154,,116,30,,,0
3109,'1443163',1224,,117,30,,,0
3109,'1443412',1454,,118,30,,,0
3109,'1443419',1354,,119,30,,,0
3109,'1443472',1254,,120,30,,,0
3109,'1443548',1420,,121,30,,,0
3109,'1443737',1820,,122,30,,,0
3109,'1443781',1854,,123,30,,,0
3109,'1443831',1824,,124,30,,,0
3109,'1443867',1220,,125,30,,,0
3109,'1443869',1024,,126,30,,,0
3109,'1443890',720,,127,30,,,0
3109,'1443895',724,,128,30,,,0
3109,'1444017',1924,,129,30,,,0
3109,'1444043',920,,130,30,,,0
3109,'1444183',1624,,131,30,,,0
3109,'1444283',1620,,132,30,,,0
3109,'1444351',1124,,133,30,,,0
3109,'1444464',1720,,134,30,,,0
3109,'1444532',854,,135,30,,,0
3109,'1444569',1654,,136,30,,,0
3109,'1444582',754,,137,30,,,0
3109,'1444595',654,,138,30,,,0
3109,'1444704',1920,,139,30,,,0
3109,'1444711',1724,,140,30,,,0
