16019,'1442759',1155,,63,26,0,5,0
16019,'1442908',1655,,64,26,0,5,0
16019,'1443382',1555,,65,26,0,5,0
16019,'1443639',955,,66,26,0,5,0
16019,'1443689',1855,,67,26,0,5,0
16019,'1443695',1055,,68,26,0,5,0
16019,'1443794',1255,,69,26,0,5,0
16019,'1443910',1455,,70,26,0,5,0
16019,'1443990',1355,,71,26,0,5,0
16019,'1444348',1755,,72,26,0,5,0
16019,'1444457',855,,73,26,0,5,0
16019,'1444527',755,,74,26,0,5,0
16019,'1444699',655,,75,26,0,5,0
16019,'1471644',655,,76,27,0,6 7,0
16019,'1471645',755,,77,27,0,6 7,0
16019,'1471646',855,,78,27,0,6 7,0
16019,'1471647',955,,79,27,0,6 7,0
16019,'1471648',1055,,80,27,0,6 7,0
16019,'1471649',1155,,81,27,0,6 7,0
16019,'1471650',1255,,82,27,0,6 7,0
16019,'1471651',1355,,83,27,0,6 7,0
16019,'1471652',1455,,84,27,0,6 7,0
16019,'1471653',1555,,85,27,0,6 7,0
16019,'1471654',1655,,86,27,0,6 7,0
16019,'1471655',1755,,87,27,0,6 7,0
16019,'1471656',1855,,88,27,0,6 7,0
16019,'1471657',725,,89,27,0,6 7,0
16019,'1471658',825,,90,27,0,6 7,0
16019,'1471659',925,,91,27,0,6 7,0
16019,'1471660',1125,,92,28,0,8,0
16019,'1471661',1625,,93,27,0,6 7,0
16019,'1471662',1225,,94,28,0,8,0
16019,'1471663',1325,,95,28,0,8,0
16019,'1471664',1725,,96,27,0,6 7,0
16019,'1471665',1825,,97,27,0,6 7,0
16019,'1471666',1025,,98,28,0,8,0
16019,'1471667',1525,,99,27,0,6 7,0
16019,'1471668',1425,,100,28,0,8,0
901019,'1481211',2250,,299,26,,,0
901019,'1481212',1950,,300,26,,,0
901019,'1481213',2050,,301,26,,,0
901019,'1481214',2150,,302,26,,,0
901019,'1481220',850,,307,26,,,0
901019,'1481221',950,,308,26,,,0
901019,'1481222',1050,,309,26,,,0
901019,'1481223',1150,,310,26,,,0
901019,'1481224',1250,,311,26,,,0
901019,'1481225',1350,,312,26,,,0
901019,'1481226',1450,,313,26,,,0
901019,'1481227',1550,,314,26,,,0
901019,'1481228',1650,,315,26,,,0
901019,'1481229',1750,,316,26,,,0
901019,'1481230',1850,,317,26,,,0
901019,'1481296',2255,,328,26,,,0
901019,'1481297',1955,,329,26,,,0
901019,'1481298',2055,,330,26,,,0
901019,'1481299',2155,,331,26,,,0
