609,'1481208',2214,,25,23,,,0
609,'1481209',2114,,26,23,,,0
609,'1481210',2014,,27,23,,,0
609,'1481293',2214,,28,23,,,0
609,'1481294',2114,,29,23,,,0
609,'1481295',2014,,30,23,,,0
3709,'1481156',650,,179,23,,,0
3709,'1481157',720,,180,23,,,0
3709,'1481158',750,,181,23,,,0
3709,'1481159',820,,182,23,,,0
3709,'1481160',850,,183,23,,,0
3709,'1481161',920,,184,23,,,0
3709,'1481162',950,,185,23,,,0
3709,'1481163',1020,,186,23,,,0
3709,'1481164',1050,,187,23,,,0
3709,'1481165',1120,,188,23,,,0
3709,'1481166',1150,,189,23,,,0
3709,'1481167',1220,,190,23,,,0
3709,'1481168',1250,,191,23,,,0
3709,'1481169',1320,,192,23,,,0
3709,'1481170',1350,,193,23,,,0
3709,'1481171',1420,,194,23,,,0
3709,'1481172',1450,,195,23,,,0
3709,'1481173',1520,,196,23,,,0
3709,'1481174',1550,,197,23,,,0
3709,'1481175',1620,,198,23,,,0
3709,'1481176',1650,,199,23,,,0
3709,'1481177',1720,,200,23,,,0
3709,'1481178',1750,,201,23,,,0
3709,'1481179',1820,,202,23,,,0
3709,'1481180',1850,,203,23,,,0
3709,'1481181',1920,,204,23,,,0
3709,'1481241',650,,205,23,,,0
3709,'1481242',720,,206,23,,,0
3709,'1481243',750,,207,23,,,0
3709,'1481244',820,,208,23,,,0
3709,'1481245',850,,209,23,,,0
3709,'1481246',920,,210,23,,,0
3709,'1481247',950,,211,23,,,0
3709,'1481248',1020,,212,23,,,0
3709,'1481249',1050,,213,23,,,0
3709,'1481250',1120,,214,23,,,0
3709,'1481251',1150,,215,23,,,0
3709,'1481252',1220,,216,23,,,0
3709,'1481253',1250,,217,23,,,0
3709,'1481254',1320,,218,23,,,0
3709,'1481255',1350,,219,23,,,0
3709,'1481256',1420,,220,23,,,0
3709,'1481257',1450,,221,23,,,0
3709,'1481258',1520,,222,23,,,0
3709,'1481259',1550,,223,23,,,0
3709,'1481260',1620,,224,23,,,0
3709,'1481261',1650,,225,23,,,0
3709,'1481262',1720,,226,23,,,0
3709,'1481263',1750,,227,23,,,0
3709,'1481264',1820,,228,23,,,0
3709,'1481265',1850,,229,23,,,0
3709,'1481266',1920,,230,23,,,0
3809,'1481182',709,,231,51,,,0
3809,'1481183',739,,232,51,,,0
3809,'1481184',809,,233,51,,,0
3809,'1481185',839,,234,51,,,0
3809,'1481186',909,,235,51,,,0
3809,'1481187',939,,236,51,,,0
3809,'1481188',1009,,237,51,,,0
3809,'1481189',1039,,238,51,,,0
3809,'1481190',1109,,239,51,,,0
3809,'1481191',1139,,240,51,,,0
3809,'1481192',1209,,241,51,,,0
3809,'1481193',1239,,242,51,,,0
3809,'1481194',1309,,243,51,,,0
3809,'1481195',1339,,244,51,,,0
3809,'1481196',1409,,245,51,,,0
3809,'1481197',1439,,246,51,,,0
3809,'1481198',1509,,247,51,,,0
3809,'1481199',1539,,248,51,,,0
3809,'1481200',1609,,249,51,,,0
3809,'1481201',1639,,250,51,,,0
3809,'1481202',1709,,251,51,,,0
3809,'1481203',1739,,252,51,,,0
3809,'1481204',1809,,253,51,,,0
3809,'1481205',1839,,254,51,,,0
3809,'1481206',1909,,255,51,,,0
3809,'1481207',1939,,256,51,,,0
3809,'1481267',709,,257,51,,,0
3809,'1481268',739,,258,51,,,0
3809,'1481269',809,,259,51,,,0
3809,'1481270',839,,260,51,,,0
3809,'1481271',909,,261,51,,,0
3809,'1481272',939,,262,51,,,0
3809,'1481273',1009,,263,51,,,0
3809,'1481274',1039,,264,51,,,0
3809,'1481275',1109,,265,51,,,0
3809,'1481276',1139,,266,51,,,0
3809,'1481277',1209,,267,51,,,0
3809,'1481278',1239,,268,51,,,0
3809,'1481279',1309,,269,51,,,0
3809,'1481280',1339,,270,51,,,0
3809,'1481281',1409,,271,51,,,0
3809,'1481282',1439,,272,51,,,0
3809,'1481283',1509,,273,51,,,0
3809,'1481284',1539,,274,51,,,0
3809,'1481285',1609,,275,51,,,0
3809,'1481286',1639,,276,51,,,0
3809,'1481287',1709,,277,51,,,0
3809,'1481288',1739,,278,51,,,0
3809,'1481289',1809,,279,51,,,0
3809,'1481290',1839,,280,51,,,0
3809,'1481291',1913,,281,51,,,0
3809,'1481292',1943,,282,51,,,0
90109,'1481215',2301,,303,37,0,11 12,0
90109,'1481216',2201,,304,37,0,11 12,0
90109,'1481217',2101,,305,37,0,11 12,0
90109,'1481218',2001,,306,37,0,11 12,0
90109,'1481231',901,,318,37,0,11 12,0
90109,'1481232',1001,,319,37,0,11 12,0
90109,'1481233',1101,,320,37,0,11 12,0
90109,'1481234',1201,,321,37,0,11 12,0
90109,'1481235',1301,,322,37,0,11 12,0
90109,'1481236',1401,,323,37,0,11 12,0
90109,'1481237',1501,,324,37,0,11 12,0
90109,'1481238',1601,,325,37,0,11 12,0
90109,'1481239',1701,,326,37,0,11 12,0
90109,'1481240',1801,,327,37,0,11 12,0
90109,'1481300',2302,,332,37,0,11 12,0
90109,'1481301',2202,,333,37,0,11 12,0
90109,'1481302',2102,,334,37,0,11 12,0
90109,'1481303',2002,,335,37,0,11 12,0
7600009,'1442746',1012,,364,25,,,0
7600009,'1442836',1142,,365,25,,,0
7600009,'1442868',1242,,366,25,,,0
7600009,'1442936',1442,,367,25,,,0
7600009,'1442948',1312,,368,25,,,0
7600009,'1442960',1112,,369,25,,,0
7600009,'1443166',1512,,370,25,,,0
7600009,'1443237',1612,,371,25,,,0
7600009,'1443568',1642,,372,25,,,0
7600009,'1443930',1712,,373,25,,,0
7600009,'1444078',1212,,374,25,,,0
7600009,'1444147',1742,,375,25,,,0
7600009,'1444253',1042,,376,25,,,0
7600009,'1444707',1542,,377,25,,,0
