16019,'1442759',1145,,63,17,0,5,0
16019,'1442908',1645,,64,17,0,5,0
16019,'1443382',1545,,65,17,0,5,0
16019,'1443639',945,,66,17,0,5,0
16019,'1443689',1845,,67,17,0,5,0
16019,'1443695',1045,,68,17,0,5,0
16019,'1443794',1245,,69,17,0,5,0
16019,'1443910',1445,,70,17,0,5,0
16019,'1443990',1345,,71,17,0,5,0
16019,'1444348',1745,,72,17,0,5,0
16019,'1444457',845,,73,17,0,5,0
16019,'1444527',745,,74,17,0,5,0
16019,'1444699',645,,75,17,0,5,0
16019,'1471644',645,,76,17,0,6 7,0
16019,'1471645',745,,77,17,0,6 7,0
16019,'1471646',845,,78,17,0,6 7,0
16019,'1471647',945,,79,17,0,6 7,0
16019,'1471648',1045,,80,17,0,6 7,0
16019,'1471649',1145,,81,17,0,6 7,0
16019,'1471650',1245,,82,17,0,6 7,0
16019,'1471651',1345,,83,17,0,6 7,0
16019,'1471652',1445,,84,17,0,6 7,0
16019,'1471653',1545,,85,17,0,6 7,0
16019,'1471654',1645,,86,17,0,6 7,0
16019,'1471655',1745,,87,17,0,6 7,0
16019,'1471656',1845,,88,17,0,6 7,0
16019,'1471657',715,,89,17,0,6 7,0
16019,'1471658',815,,90,17,0,6 7,0
16019,'1471659',915,,91,17,0,6 7,0
16019,'1471660',1115,,92,18,0,8,0
16019,'1471661',1615,,93,17,0,6 7,0
16019,'1471662',1215,,94,18,0,8,0
16019,'1471663',1315,,95,18,0,8,0
16019,'1471664',1715,,96,17,0,6 7,0
16019,'1471665',1815,,97,17,0,6 7,0
16019,'1471666',1015,,98,18,0,8,0
16019,'1471667',1515,,99,17,0,6 7,0
16019,'1471668',1415,,100,18,0,8,0
901019,'1481211',2243,,299,17,,,0
901019,'1481212',1943,,300,17,,,0
901019,'1481213',2043,,301,17,,,0
901019,'1481214',2143,,302,17,,,0
901019,'1481220',843,,307,17,,,0
901019,'1481221',943,,308,17,,,0
901019,'1481222',1043,,309,17,,,0
901019,'1481223',1143,,310,17,,,0
901019,'1481224',1243,,311,17,,,0
901019,'1481225',1343,,312,17,,,0
901019,'1481226',1443,,313,17,,,0
901019,'1481227',1543,,314,17,,,0
901019,'1481228',1643,,315,17,,,0
901019,'1481229',1743,,316,17,,,0
901019,'1481230',1843,,317,17,,,0
901019,'1481296',2244,,328,17,,,0
901019,'1481297',1944,,329,17,,,0
901019,'1481298',2044,,330,17,,,0
901019,'1481299',2144,,331,17,,,0
