76000019,'1442746',1000,,364,1,0,14,0,25,,364,35,4,,0
76000019,'1442836',1130,,365,1,0,14,0,25,,365,35,4,,0
76000019,'1442868',1230,,366,1,0,14,0,25,,366,35,4,,0
76000019,'1442936',1430,,367,1,0,14,0,25,,367,35,4,,0
76000019,'1442948',1300,,368,1,0,14,0,25,,368,35,4,,0
76000019,'1442960',1100,,369,1,0,14,0,25,,369,35,4,,0
76000019,'1443166',1500,,370,1,0,14,0,25,,370,35,4,,0
76000019,'1443237',1600,,371,1,0,14,0,25,,371,35,4,,0
76000019,'1443568',1630,,372,1,0,14,0,25,,372,35,4,,0
76000019,'1443930',1700,,373,1,0,14,0,25,,373,35,4,,0
76000019,'1444078',1200,,374,1,0,14,0,25,,374,35,4,,0
76000019,'1444147',1730,,375,1,0,14,0,25,,375,35,4,,0
76000019,'1444253',1030,,376,1,0,14,0,25,,376,35,4,,0
76000019,'1444707',1530,,377,1,0,14,0,25,,377,35,4,,0
