31019,'1442657',1312,,102,19,,,0
31019,'1442704',1743,,103,19,,,0
31019,'1442731',1112,,104,19,,,0
31019,'1442816',1043,,105,19,,,0
31019,'1442926',812,,106,19,,,0
31019,'1442939',813,,107,19,,,0
31019,'1442988',913,,108,19,,,0
31019,'1443001',1513,,109,19,,,0
31019,'1443020',1012,,110,19,,,0
31019,'1443042',943,,111,19,,,0
31019,'1443050',1313,,112,19,,,0
31019,'1443073',1512,,113,19,,,0
31019,'1443135',1413,,114,19,,,0
31019,'1443141',1543,,115,19,,,0
31019,'1443144',1143,,116,19,,,0
31019,'1443163',1213,,117,19,,,0
31019,'1443412',1443,,118,19,,,0
31019,'1443419',1343,,119,19,,,0
31019,'1443472',1243,,120,19,,,0
31019,'1443548',1412,,121,19,,,0
31019,'1443737',1812,,122,19,,,0
31019,'1443781',1843,,123,19,,,0
31019,'1443831',1813,,124,19,,,0
31019,'1443867',1212,,125,19,,,0
31019,'1443869',1013,,126,19,,,0
31019,'1443890',712,,127,19,,,0
31019,'1443895',713,,128,19,,,0
31019,'1444017',1913,,129,19,,,0
31019,'1444043',912,,130,19,,,0
31019,'1444183',1613,,131,19,,,0
31019,'1444283',1612,,132,19,,,0
31019,'1444351',1113,,133,19,,,0
31019,'1444464',1712,,134,19,,,0
31019,'1444532',843,,135,19,,,0
31019,'1444569',1643,,136,19,,,0
31019,'1444582',743,,137,19,,,0
31019,'1444595',643,,138,19,,,0
31019,'1444704',1912,,139,19,,,0
31019,'1444711',1713,,140,19,,,0
902029,'1442623',2013,,336,16,,,0
902029,'1443277',2113,,343,16,,,0
902029,'1443327',2213,,346,16,,,0
902029,'1443696',2013,,350,16,,,0
902029,'1443801',1513,,353,16,,,0
902029,'1443882',1713,,354,16,,,0
902029,'1444181',1313,,357,16,,,0
902029,'1444215',2213,,358,16,,,0
902029,'1444222',1213,,359,16,,,0
902029,'1444364',1613,,360,16,,,0
902029,'1444425',1113,,361,16,,,0
902029,'1444479',2113,,362,16,,,0
902029,'1444524',1013,,363,16,,,0
