909,'1442574',1347,,37,28,,,0
909,'1442601',1447,,38,28,,,0
909,'1442683',1247,,39,28,,,0
909,'1442720',747,,40,28,,,0
909,'1442725',1347,,41,28,,,0
909,'1442740',1547,,42,28,,,0
909,'1442981',1547,,43,28,,,0
909,'1443060',1047,,44,28,,,0
909,'1443114',847,,45,28,,,0
909,'1443507',747,,46,28,,,0
909,'1443572',1847,,47,28,,,0
909,'1443665',847,,48,28,,,0
909,'1443760',1447,,49,28,,,0
909,'1444093',947,,50,28,,,0
909,'1444114',1647,,51,28,,,0
909,'1444140',1647,,52,28,,,0
909,'1444157',1747,,53,28,,,0
909,'1444177',647,,54,28,,,0
909,'1444202',947,,55,28,,,0
909,'1444275',1147,,56,28,,,0
909,'1444286',647,,57,28,,,0
909,'1444316',1747,,58,28,,,0
909,'1444336',1047,,59,28,,,0
909,'1444355',1247,,60,28,,,0
909,'1444529',1847,,61,28,,,0
909,'1444681',1147,,62,28,,,0
1609,'1442759',1219,,63,49,0,5,0
1609,'1442908',1719,,64,49,0,5,0
1609,'1443382',1619,,65,49,0,5,0
1609,'1443639',1019,,66,49,0,5,0
1609,'1443689',1919,,67,49,0,5,0
1609,'1443695',1119,,68,49,0,5,0
1609,'1443794',1319,,69,49,0,5,0
1609,'1443910',1519,,70,49,0,5,0
1609,'1443990',1419,,71,49,0,5,0
1609,'1444348',1819,,72,49,0,5,0
1609,'1444457',919,,73,49,0,5,0
1609,'1444527',819,,74,49,0,5,0
1609,'1444699',719,,75,49,0,5,0
1609,'1471644',719,,76,51,0,6 7,0
1609,'1471645',819,,77,51,0,6 7,0
1609,'1471646',919,,78,51,0,6 7,0
1609,'1471647',1019,,79,51,0,6 7,0
1609,'1471648',1119,,80,51,0,6 7,0
1609,'1471649',1219,,81,51,0,6 7,0
1609,'1471650',1319,,82,51,0,6 7,0
1609,'1471651',1419,,83,51,0,6 7,0
1609,'1471652',1519,,84,51,0,6 7,0
1609,'1471653',1619,,85,51,0,6 7,0
1609,'1471654',1719,,86,51,0,6 7,0
1609,'1471655',1819,,87,51,0,6 7,0
1609,'1471656',1919,,88,51,0,6 7,0
1609,'1471657',749,,89,51,0,6 7,0
1609,'1471658',849,,90,51,0,6 7,0
1609,'1471659',949,,91,51,0,6 7,0
1609,'1471660',1149,,92,52,0,8,0
1609,'1471661',1649,,93,51,0,6 7,0
1609,'1471662',1249,,94,52,0,8,0
1609,'1471663',1349,,95,52,0,8,0
1609,'1471664',1749,,96,51,0,6 7,0
1609,'1471665',1849,,97,51,0,6 7,0
1609,'1471666',1049,,98,52,0,8,0
1609,'1471667',1549,,99,51,0,6 7,0
1609,'1471668',1449,,100,52,0,8,0
90109,'1481211',2312,,299,49,0,6,0
90109,'1481212',2012,,300,49,0,6,0
90109,'1481213',2112,,301,49,0,6,0
90109,'1481214',2212,,302,49,0,6,0
90109,'1481220',912,,307,49,0,6,0
90109,'1481221',1012,,308,49,0,6,0
90109,'1481222',1112,,309,49,0,6,0
90109,'1481223',1212,,310,49,0,6,0
90109,'1481224',1312,,311,49,0,6,0
90109,'1481225',1412,,312,49,0,6,0
90109,'1481226',1512,,313,49,0,6,0
90109,'1481227',1612,,314,49,0,6,0
90109,'1481228',1712,,315,49,0,6,0
90109,'1481229',1812,,316,49,0,6,0
90109,'1481230',1912,,317,49,0,6,0
90109,'1481296',2319,,328,49,0,6,0
90109,'1481297',2019,,329,49,0,6,0
90109,'1481298',2119,,330,49,0,6,0
90109,'1481299',2219,,331,49,0,6,0
