9019,'1442574',1342,,37,19,,,0
9019,'1442601',1442,,38,19,,,0
9019,'1442683',1242,,39,19,,,0
9019,'1442720',742,,40,19,,,0
9019,'1442725',1342,,41,19,,,0
9019,'1442740',1542,,42,19,,,0
9019,'1442981',1542,,43,19,,,0
9019,'1443060',1042,,44,19,,,0
9019,'1443114',842,,45,19,,,0
9019,'1443507',742,,46,19,,,0
9019,'1443572',1842,,47,19,,,0
9019,'1443665',842,,48,19,,,0
9019,'1443760',1442,,49,19,,,0
9019,'1444093',942,,50,19,,,0
9019,'1444114',1642,,51,19,,,0
9019,'1444140',1642,,52,19,,,0
9019,'1444157',1742,,53,19,,,0
9019,'1444177',642,,54,19,,,0
9019,'1444202',942,,55,19,,,0
9019,'1444275',1142,,56,19,,,0
9019,'1444286',642,,57,19,,,0
9019,'1444316',1742,,58,19,,,0
9019,'1444336',1042,,59,19,,,0
9019,'1444355',1242,,60,19,,,0
9019,'1444529',1842,,61,19,,,0
9019,'1444681',1142,,62,19,,,0
