609,'1481208',2204,,25,6,,,0
609,'1481209',2104,,26,6,,,0
609,'1481210',2004,,27,6,,,0
609,'1481293',2204,,28,6,,,0
609,'1481294',2104,,29,6,,,0
609,'1481295',2004,,30,6,,,0
709,'1442686',2135,,31,6,0,5 15,0
709,'1443170',2035,,32,6,0,5 15,0
709,'1443421',2035,,33,6,0,5 15,0
709,'1444160',1935,,34,6,0,5 15,0
709,'1444518',1935,,35,6,0,5 15,0
709,'1444604',2135,,36,6,0,5 15,0
3709,'1481156',635,,179,6,,,0
3709,'1481157',705,,180,6,,,0
3709,'1481158',735,,181,6,,,0
3709,'1481159',805,,182,6,,,0
3709,'1481160',835,,183,6,,,0
3709,'1481161',905,,184,6,,,0
3709,'1481162',935,,185,6,,,0
3709,'1481163',1005,,186,6,,,0
3709,'1481164',1035,,187,6,,,0
3709,'1481165',1105,,188,6,,,0
3709,'1481166',1135,,189,6,,,0
3709,'1481167',1205,,190,6,,,0
3709,'1481168',1235,,191,6,,,0
3709,'1481169',1305,,192,6,,,0
3709,'1481170',1335,,193,6,,,0
3709,'1481171',1405,,194,6,,,0
3709,'1481172',1435,,195,6,,,0
3709,'1481173',1505,,196,6,,,0
3709,'1481174',1535,,197,6,,,0
3709,'1481175',1605,,198,6,,,0
3709,'1481176',1635,,199,6,,,0
3709,'1481177',1705,,200,6,,,0
3709,'1481178',1735,,201,6,,,0
3709,'1481179',1805,,202,6,,,0
3709,'1481180',1835,,203,6,,,0
3709,'1481181',1905,,204,6,,,0
3709,'1481241',635,,205,6,,,0
3709,'1481242',705,,206,6,,,0
3709,'1481243',735,,207,6,,,0
3709,'1481244',805,,208,6,,,0
3709,'1481245',835,,209,6,,,0
3709,'1481246',905,,210,6,,,0
3709,'1481247',935,,211,6,,,0
3709,'1481248',1005,,212,6,,,0
3709,'1481249',1035,,213,6,,,0
3709,'1481250',1105,,214,6,,,0
3709,'1481251',1135,,215,6,,,0
3709,'1481252',1205,,216,6,,,0
3709,'1481253',1235,,217,6,,,0
3709,'1481254',1305,,218,6,,,0
3709,'1481255',1335,,219,6,,,0
3709,'1481256',1405,,220,6,,,0
3709,'1481257',1435,,221,6,,,0
3709,'1481258',1505,,222,6,,,0
3709,'1481259',1535,,223,6,,,0
3709,'1481260',1605,,224,6,,,0
3709,'1481261',1635,,225,6,,,0
3709,'1481262',1705,,226,6,,,0
3709,'1481263',1735,,227,6,,,0
3709,'1481264',1805,,228,6,,,0
3709,'1481265',1835,,229,6,,,0
3709,'1481266',1905,,230,6,,,0
7600009,'1442746',1004,,364,6,0,14,0
7600009,'1442836',1134,,365,6,0,14,0
7600009,'1442868',1234,,366,6,0,14,0
7600009,'1442936',1434,,367,6,0,14,0
7600009,'1442948',1304,,368,6,0,14,0
7600009,'1442960',1104,,369,6,0,14,0
7600009,'1443166',1504,,370,6,0,14,0
7600009,'1443237',1604,,371,6,0,14,0
7600009,'1443568',1634,,372,6,0,14,0
7600009,'1443930',1704,,373,6,0,14,0
7600009,'1444078',1204,,374,6,0,14,0
7600009,'1444147',1734,,375,6,0,14,0
7600009,'1444253',1034,,376,6,0,14,0
7600009,'1444707',1534,,377,6,0,14,0
