3809,'1481182',643,,231,15,,,0
3809,'1481183',713,,232,15,,,0
3809,'1481184',743,,233,15,,,0
3809,'1481185',813,,234,15,,,0
3809,'1481186',843,,235,15,,,0
3809,'1481187',913,,236,15,,,0
3809,'1481188',943,,237,15,,,0
3809,'1481189',1013,,238,15,,,0
3809,'1481190',1043,,239,15,,,0
3809,'1481191',1113,,240,15,,,0
3809,'1481192',1143,,241,15,,,0
3809,'1481193',1213,,242,15,,,0
3809,'1481194',1243,,243,15,,,0
3809,'1481195',1313,,244,15,,,0
3809,'1481196',1343,,245,15,,,0
3809,'1481197',1413,,246,15,,,0
3809,'1481198',1443,,247,15,,,0
3809,'1481199',1513,,248,15,,,0
3809,'1481200',1543,,249,15,,,0
3809,'1481201',1613,,250,15,,,0
3809,'1481202',1643,,251,15,,,0
3809,'1481203',1713,,252,15,,,0
3809,'1481204',1743,,253,15,,,0
3809,'1481205',1813,,254,15,,,0
3809,'1481206',1843,,255,15,,,0
3809,'1481207',1913,,256,15,,,0
3809,'1481267',643,,257,15,,,0
3809,'1481268',713,,258,15,,,0
3809,'1481269',743,,259,15,,,0
3809,'1481270',813,,260,15,,,0
3809,'1481271',843,,261,15,,,0
3809,'1481272',913,,262,15,,,0
3809,'1481273',943,,263,15,,,0
3809,'1481274',1013,,264,15,,,0
3809,'1481275',1043,,265,15,,,0
3809,'1481276',1113,,266,15,,,0
3809,'1481277',1143,,267,15,,,0
3809,'1481278',1213,,268,15,,,0
3809,'1481279',1243,,269,15,,,0
3809,'1481280',1313,,270,15,,,0
3809,'1481281',1343,,271,15,,,0
3809,'1481282',1413,,272,15,,,0
3809,'1481283',1443,,273,15,,,0
3809,'1481284',1513,,274,15,,,0
3809,'1481285',1543,,275,15,,,0
3809,'1481286',1613,,276,15,,,0
3809,'1481287',1643,,277,15,,,0
3809,'1481288',1713,,278,15,,,0
3809,'1481289',1743,,279,15,,,0
3809,'1481290',1813,,280,15,,,0
3809,'1481291',1843,,281,15,,,0
3809,'1481292',1913,,282,15,,,0
90109,'1481215',2241,,303,17,0,11 12,0
90109,'1481216',2141,,304,17,0,11 12,0
90109,'1481217',2041,,305,17,0,11 12,0
90109,'1481218',1941,,306,17,0,11 12,0
90109,'1481231',841,,318,17,0,11 12,0
90109,'1481232',941,,319,17,0,11 12,0
90109,'1481233',1041,,320,17,0,11 12,0
90109,'1481234',1141,,321,17,0,11 12,0
90109,'1481235',1241,,322,17,0,11 12,0
90109,'1481236',1341,,323,17,0,11 12,0
90109,'1481237',1441,,324,17,0,11 12,0
90109,'1481238',1541,,325,17,0,11 12,0
90109,'1481239',1641,,326,17,0,11 12,0
90109,'1481240',1741,,327,17,0,11 12,0
90109,'1481300',2241,,332,17,0,11 12,0
90109,'1481301',2141,,333,17,0,11 12,0
90109,'1481302',2041,,334,17,0,11 12,0
90109,'1481303',1941,,335,17,0,11 12,0
