32019,'1442596',1814,,141,23,,,0
32019,'1442687',944,,142,23,,,0
32019,'1442754',644,,143,23,,,0
32019,'1442760',1414,,144,23,,,0
32019,'1442882',1744,,145,23,,,0
32019,'1442921',1344,,146,23,,,0
32019,'1442945',1544,,147,23,,,0
32019,'1443019',1044,,148,23,,,0
32019,'1443027',1744,,149,23,,,0
32019,'1443032',1144,,150,23,,,0
32019,'1443124',1014,,151,23,,,0
32019,'1443173',1714,,152,23,,,0
32019,'1443223',844,,153,23,,,0
32019,'1443230',744,,154,23,,,0
32019,'1443346',1214,,155,23,,,0
32019,'1443371',1644,,156,23,,,0
32019,'1443418',644,,157,23,,,0
32019,'1443451',1844,,158,23,,,0
32019,'1443460',1514,,159,23,,,0
32019,'1443559',1344,,160,23,,,0
32019,'1443566',1444,,161,23,,,0
32019,'1443666',944,,162,23,,,0
32019,'1443678',1444,,163,23,,,0
32019,'1443693',914,,164,23,,,0
32019,'1443729',1114,,165,23,,,0
32019,'1443750',1244,,166,23,,,0
32019,'1443756',714,,167,23,,,0
32019,'1443859',844,,168,23,,,0
32019,'1443893',1844,,169,23,,,0
32019,'1444067',1144,,170,23,,,0
32019,'1444076',744,,171,23,,,0
32019,'1444125',1314,,172,23,,,0
32019,'1444263',1044,,173,23,,,0
32019,'1444410',1614,,174,23,,,0
32019,'1444513',1244,,175,23,,,0
32019,'1444517',814,,176,23,,,0
32019,'1444645',1644,,177,23,,,0
32019,'1444700',1544,,178,23,,,0
902019,'1442632',2243,,337,23,,,0
902019,'1442824',2243,,338,23,,,0
902019,'1442866',1243,,339,23,,,0
902019,'1443008',1143,,340,23,,,0
902019,'1443149',1543,,341,23,,,0
902019,'1443169',2043,,342,23,,,0
902019,'1443298',2043,,344,23,,,0
902019,'1443323',1643,,345,23,,,0
902019,'1443365',1043,,347,23,,,0
902019,'1443389',1943,,348,23,,,0
902019,'1443612',2143,,349,23,,,0
902019,'1443718',1343,,351,23,,,0
902019,'1443721',2143,,352,23,,,0
902019,'1443889',1943,,355,23,,,0
902019,'1444136',943,,356,23,,,0
