31019,'1442657',1315,,102,23,,,0
31019,'1442704',1750,,103,23,,,0
31019,'1442731',1115,,104,23,,,0
31019,'1442816',1050,,105,23,,,0
31019,'1442926',815,,106,23,,,0
31019,'1442939',820,,107,23,,,0
31019,'1442988',920,,108,23,,,0
31019,'1443001',1520,,109,23,,,0
31019,'1443020',1015,,110,23,,,0
31019,'1443042',950,,111,23,,,0
31019,'1443050',1320,,112,23,,,0
31019,'1443073',1515,,113,23,,,0
31019,'1443135',1420,,114,23,,,0
31019,'1443141',1550,,115,23,,,0
31019,'1443144',1150,,116,23,,,0
31019,'1443163',1220,,117,23,,,0
31019,'1443412',1450,,118,23,,,0
31019,'1443419',1350,,119,23,,,0
31019,'1443472',1250,,120,23,,,0
31019,'1443548',1415,,121,23,,,0
31019,'1443737',1815,,122,23,,,0
31019,'1443781',1850,,123,23,,,0
31019,'1443831',1820,,124,23,,,0
31019,'1443867',1215,,125,23,,,0
31019,'1443869',1020,,126,23,,,0
31019,'1443890',715,,127,23,,,0
31019,'1443895',720,,128,23,,,0
31019,'1444017',1920,,129,23,,,0
31019,'1444043',915,,130,23,,,0
31019,'1444183',1620,,131,23,,,0
31019,'1444283',1615,,132,23,,,0
31019,'1444351',1120,,133,23,,,0
31019,'1444464',1715,,134,23,,,0
31019,'1444532',850,,135,23,,,0
31019,'1444569',1650,,136,23,,,0
31019,'1444582',750,,137,23,,,0
31019,'1444595',650,,138,23,,,0
31019,'1444704',1915,,139,23,,,0
31019,'1444711',1720,,140,23,,,0
