709,'1442686',2139,,31,17,0,5 15,0
709,'1443170',2039,,32,17,0,5 15,0
709,'1443421',2040,,33,17,0,5 15,0
709,'1444160',1940,,34,17,0,5 15,0
709,'1444518',1939,,35,17,0,5 15,0
709,'1444604',2140,,36,17,0,5 15,0
3709,'1481156',657,,179,34,,,0
3709,'1481157',727,,180,34,,,0
3709,'1481158',757,,181,34,,,0
3709,'1481159',827,,182,34,,,0
3709,'1481160',857,,183,34,,,0
3709,'1481161',927,,184,34,,,0
3709,'1481162',957,,185,34,,,0
3709,'1481163',1027,,186,34,,,0
3709,'1481164',1057,,187,34,,,0
3709,'1481165',1127,,188,34,,,0
3709,'1481166',1157,,189,34,,,0
3709,'1481167',1227,,190,34,,,0
3709,'1481168',1257,,191,34,,,0
3709,'1481169',1327,,192,34,,,0
3709,'1481170',1357,,193,34,,,0
3709,'1481171',1427,,194,34,,,0
3709,'1481172',1457,,195,34,,,0
3709,'1481173',1527,,196,34,,,0
3709,'1481174',1557,,197,34,,,0
3709,'1481175',1627,,198,34,,,0
3709,'1481176',1657,,199,34,,,0
3709,'1481177',1727,,200,34,,,0
3709,'1481178',1757,,201,34,,,0
3709,'1481179',1827,,202,34,,,0
3709,'1481180',1857,,203,34,,,0
3709,'1481181',1927,,204,34,,,0
3709,'1481241',657,,205,34,,,0
3709,'1481242',727,,206,34,,,0
3709,'1481243',757,,207,34,,,0
3709,'1481244',827,,208,34,,,0
3709,'1481245',857,,209,34,,,0
3709,'1481246',927,,210,34,,,0
3709,'1481247',957,,211,34,,,0
3709,'1481248',1027,,212,34,,,0
3709,'1481249',1057,,213,34,,,0
3709,'1481250',1127,,214,34,,,0
3709,'1481251',1157,,215,34,,,0
3709,'1481252',1227,,216,34,,,0
3709,'1481253',1257,,217,34,,,0
3709,'1481254',1327,,218,34,,,0
3709,'1481255',1357,,219,34,,,0
3709,'1481256',1427,,220,34,,,0
3709,'1481257',1457,,221,34,,,0
3709,'1481258',1527,,222,34,,,0
3709,'1481259',1557,,223,34,,,0
3709,'1481260',1627,,224,34,,,0
3709,'1481261',1657,,225,34,,,0
3709,'1481262',1727,,226,34,,,0
3709,'1481263',1757,,227,34,,,0
3709,'1481264',1827,,228,34,,,0
3709,'1481265',1857,,229,34,,,0
3709,'1481266',1927,,230,34,,,0
3809,'1481182',655,,231,32,,,0
3809,'1481183',725,,232,32,,,0
3809,'1481184',755,,233,32,,,0
3809,'1481185',825,,234,32,,,0
3809,'1481186',855,,235,32,,,0
3809,'1481187',925,,236,32,,,0
3809,'1481188',955,,237,32,,,0
3809,'1481189',1025,,238,32,,,0
3809,'1481190',1055,,239,32,,,0
3809,'1481191',1125,,240,32,,,0
3809,'1481192',1155,,241,32,,,0
3809,'1481193',1225,,242,32,,,0
3809,'1481194',1255,,243,32,,,0
3809,'1481195',1325,,244,32,,,0
3809,'1481196',1355,,245,32,,,0
3809,'1481197',1425,,246,32,,,0
3809,'1481198',1455,,247,32,,,0
3809,'1481199',1525,,248,32,,,0
3809,'1481200',1555,,249,32,,,0
3809,'1481201',1625,,250,32,,,0
3809,'1481202',1655,,251,32,,,0
3809,'1481203',1725,,252,32,,,0
3809,'1481204',1755,,253,32,,,0
3809,'1481205',1825,,254,32,,,0
3809,'1481206',1855,,255,32,,,0
3809,'1481207',1925,,256,32,,,0
3809,'1481267',655,,257,32,,,0
3809,'1481268',725,,258,32,,,0
3809,'1481269',755,,259,32,,,0
3809,'1481270',825,,260,32,,,0
3809,'1481271',855,,261,32,,,0
3809,'1481272',925,,262,32,,,0
3809,'1481273',955,,263,32,,,0
3809,'1481274',1025,,264,32,,,0
3809,'1481275',1055,,265,32,,,0
3809,'1481276',1125,,266,32,,,0
3809,'1481277',1155,,267,32,,,0
3809,'1481278',1225,,268,32,,,0
3809,'1481279',1255,,269,32,,,0
3809,'1481280',1325,,270,32,,,0
3809,'1481281',1355,,271,32,,,0
3809,'1481282',1425,,272,32,,,0
3809,'1481283',1455,,273,32,,,0
3809,'1481284',1525,,274,32,,,0
3809,'1481285',1555,,275,32,,,0
3809,'1481286',1625,,276,32,,,0
3809,'1481287',1655,,277,32,,,0
3809,'1481288',1725,,278,32,,,0
3809,'1481289',1755,,279,32,,,0
3809,'1481290',1825,,280,32,,,0
3809,'1481291',1855,,281,32,,,0
3809,'1481292',1925,,282,32,,,0
90109,'1481215',2251,,303,25,0,11 12,0
90109,'1481216',2151,,304,25,0,11 12,0
90109,'1481217',2051,,305,25,0,11 12,0
90109,'1481218',1951,,306,25,0,11 12,0
90109,'1481231',851,,318,25,0,11 12,0
90109,'1481232',951,,319,25,0,11 12,0
90109,'1481233',1051,,320,25,0,11 12,0
90109,'1481234',1151,,321,25,0,11 12,0
90109,'1481235',1251,,322,25,0,11 12,0
90109,'1481236',1351,,323,25,0,11 12,0
90109,'1481237',1451,,324,25,0,11 12,0
90109,'1481238',1551,,325,25,0,11 12,0
90109,'1481239',1651,,326,25,0,11 12,0
90109,'1481240',1751,,327,25,0,11 12,0
90109,'1481300',2251,,332,25,0,11 12,0
90109,'1481301',2151,,333,25,0,11 12,0
90109,'1481302',2051,,334,25,0,11 12,0
90109,'1481303',1951,,335,25,0,11 12,0
7600009,'1442746',1008,,364,17,0,14,0
7600009,'1442836',1138,,365,17,0,14,0
7600009,'1442868',1238,,366,17,0,14,0
7600009,'1442936',1438,,367,17,0,14,0
7600009,'1442948',1308,,368,17,0,14,0
7600009,'1442960',1108,,369,17,0,14,0
7600009,'1443166',1508,,370,17,0,14,0
7600009,'1443237',1608,,371,17,0,14,0
7600009,'1443568',1638,,372,17,0,14,0
7600009,'1443930',1708,,373,17,0,14,0
7600009,'1444078',1208,,374,17,0,14,0
7600009,'1444147',1738,,375,17,0,14,0
7600009,'1444253',1038,,376,17,0,14,0
7600009,'1444707',1538,,377,17,0,14,0
