1609,'1442759',1159,,63,30,0,5,0
1609,'1442908',1659,,64,30,0,5,0
1609,'1443382',1559,,65,30,0,5,0
1609,'1443639',959,,66,30,0,5,0
1609,'1443689',1859,,67,30,0,5,0
1609,'1443695',1059,,68,30,0,5,0
1609,'1443794',1259,,69,30,0,5,0
1609,'1443910',1459,,70,30,0,5,0
1609,'1443990',1359,,71,30,0,5,0
1609,'1444348',1759,,72,30,0,5,0
1609,'1444457',859,,73,30,0,5,0
1609,'1444527',759,,74,30,0,5,0
1609,'1444699',659,,75,30,0,5,0
1609,'1471644',659,,76,31,0,6 7,0
1609,'1471645',759,,77,31,0,6 7,0
1609,'1471646',859,,78,31,0,6 7,0
1609,'1471647',959,,79,31,0,6 7,0
1609,'1471648',1059,,80,31,0,6 7,0
1609,'1471649',1159,,81,31,0,6 7,0
1609,'1471650',1259,,82,31,0,6 7,0
1609,'1471651',1359,,83,31,0,6 7,0
1609,'1471652',1459,,84,31,0,6 7,0
1609,'1471653',1559,,85,31,0,6 7,0
1609,'1471654',1659,,86,31,0,6 7,0
1609,'1471655',1759,,87,31,0,6 7,0
1609,'1471656',1859,,88,31,0,6 7,0
1609,'1471657',729,,89,31,0,6 7,0
1609,'1471658',829,,90,31,0,6 7,0
1609,'1471659',929,,91,31,0,6 7,0
1609,'1471660',1129,,92,32,0,8,0
1609,'1471661',1629,,93,31,0,6 7,0
1609,'1471662',1229,,94,32,0,8,0
1609,'1471663',1329,,95,32,0,8,0
1609,'1471664',1729,,96,31,0,6 7,0
1609,'1471665',1829,,97,31,0,6 7,0
1609,'1471666',1029,,98,32,0,8,0
1609,'1471667',1529,,99,31,0,6 7,0
1609,'1471668',1429,,100,32,0,8,0
90109,'1481211',2253,,299,30,0,6,0
90109,'1481212',1953,,300,30,0,6,0
90109,'1481213',2053,,301,30,0,6,0
90109,'1481214',2153,,302,30,0,6,0
90109,'1481220',853,,307,30,0,6,0
90109,'1481221',953,,308,30,0,6,0
90109,'1481222',1053,,309,30,0,6,0
90109,'1481223',1153,,310,30,0,6,0
90109,'1481224',1253,,311,30,0,6,0
90109,'1481225',1353,,312,30,0,6,0
90109,'1481226',1453,,313,30,0,6,0
90109,'1481227',1553,,314,30,0,6,0
90109,'1481228',1653,,315,30,0,6,0
90109,'1481229',1753,,316,30,0,6,0
90109,'1481230',1853,,317,30,0,6,0
90109,'1481296',2301,,328,30,0,6,0
90109,'1481297',2001,,329,30,0,6,0
90109,'1481298',2101,,330,30,0,6,0
90109,'1481299',2201,,331,30,0,6,0
