6019,'1481208',2220,,25,30,,,0
6019,'1481209',2120,,26,30,,,0
6019,'1481210',2020,,27,30,,,0
6019,'1481293',2220,,28,30,,,0
6019,'1481294',2120,,29,30,,,0
6019,'1481295',2020,,30,30,,,0
7019,'1442686',2149,,31,34,,,0
7019,'1443170',2049,,32,34,,,0
7019,'1443421',2053,,33,34,,,0
7019,'1444160',1953,,34,34,,,0
7019,'1444518',1949,,35,34,,,0
7019,'1444604',2153,,36,34,,,0
37019,'1481156',718,,179,61,,,0
37019,'1481157',748,,180,61,,,0
37019,'1481158',818,,181,61,,,0
37019,'1481159',848,,182,61,,,0
37019,'1481160',918,,183,61,,,0
37019,'1481161',948,,184,61,,,0
37019,'1481162',1018,,185,61,,,0
37019,'1481163',1048,,186,61,,,0
37019,'1481164',1118,,187,61,,,0
37019,'1481165',1148,,188,61,,,0
37019,'1481166',1218,,189,61,,,0
37019,'1481167',1248,,190,61,,,0
37019,'1481168',1318,,191,61,,,0
37019,'1481169',1348,,192,61,,,0
37019,'1481170',1418,,193,61,,,0
37019,'1481171',1448,,194,61,,,0
37019,'1481172',1518,,195,61,,,0
37019,'1481173',1548,,196,61,,,0
37019,'1481174',1618,,197,61,,,0
37019,'1481175',1648,,198,61,,,0
37019,'1481176',1718,,199,61,,,0
37019,'1481177',1748,,200,61,,,0
37019,'1481178',1818,,201,61,,,0
37019,'1481179',1848,,202,61,,,0
37019,'1481180',1918,,203,61,,,0
37019,'1481181',1948,,204,61,,,0
37019,'1481241',721,,205,61,,,0
37019,'1481242',751,,206,61,,,0
37019,'1481243',821,,207,61,,,0
37019,'1481244',851,,208,61,,,0
37019,'1481245',921,,209,61,,,0
37019,'1481246',951,,210,61,,,0
37019,'1481247',1021,,211,61,,,0
37019,'1481248',1051,,212,61,,,0
37019,'1481249',1121,,213,61,,,0
37019,'1481250',1151,,214,61,,,0
37019,'1481251',1221,,215,61,,,0
37019,'1481252',1251,,216,61,,,0
37019,'1481253',1321,,217,61,,,0
37019,'1481254',1351,,218,61,,,0
37019,'1481255',1421,,219,61,,,0
37019,'1481256',1451,,220,61,,,0
37019,'1481257',1521,,221,61,,,0
37019,'1481258',1551,,222,61,,,0
37019,'1481259',1621,,223,61,,,0
37019,'1481260',1651,,224,61,,,0
37019,'1481261',1721,,225,61,,,0
37019,'1481262',1751,,226,61,,,0
37019,'1481263',1821,,227,61,,,0
37019,'1481264',1851,,228,61,,,0
37019,'1481265',1921,,229,61,,,0
37019,'1481266',1951,,230,61,,,0
38019,'1481182',716,,231,58,,,0
38019,'1481183',746,,232,58,,,0
38019,'1481184',816,,233,58,,,0
38019,'1481185',846,,234,58,,,0
38019,'1481186',916,,235,58,,,0
38019,'1481187',946,,236,58,,,0
38019,'1481188',1016,,237,58,,,0
38019,'1481189',1046,,238,58,,,0
38019,'1481190',1116,,239,58,,,0
38019,'1481191',1146,,240,58,,,0
38019,'1481192',1216,,241,58,,,0
38019,'1481193',1246,,242,58,,,0
38019,'1481194',1316,,243,58,,,0
38019,'1481195',1346,,244,58,,,0
38019,'1481196',1416,,245,58,,,0
38019,'1481197',1446,,246,58,,,0
38019,'1481198',1516,,247,58,,,0
38019,'1481199',1546,,248,58,,,0
38019,'1481200',1616,,249,58,,,0
38019,'1481201',1646,,250,58,,,0
38019,'1481202',1716,,251,58,,,0
38019,'1481203',1746,,252,58,,,0
38019,'1481204',1816,,253,58,,,0
38019,'1481205',1846,,254,58,,,0
38019,'1481206',1916,,255,58,,,0
38019,'1481207',1946,,256,58,,,0
38019,'1481267',716,,257,58,,,0
38019,'1481268',746,,258,58,,,0
38019,'1481269',816,,259,58,,,0
38019,'1481270',846,,260,58,,,0
38019,'1481271',916,,261,58,,,0
38019,'1481272',946,,262,58,,,0
38019,'1481273',1016,,263,58,,,0
38019,'1481274',1046,,264,58,,,0
38019,'1481275',1116,,265,58,,,0
38019,'1481276',1146,,266,58,,,0
38019,'1481277',1216,,267,58,,,0
38019,'1481278',1246,,268,58,,,0
38019,'1481279',1316,,269,58,,,0
38019,'1481280',1346,,270,58,,,0
38019,'1481281',1416,,271,58,,,0
38019,'1481282',1446,,272,58,,,0
38019,'1481283',1516,,273,58,,,0
38019,'1481284',1546,,274,58,,,0
38019,'1481285',1616,,275,58,,,0
38019,'1481286',1646,,276,58,,,0
38019,'1481287',1716,,277,58,,,0
38019,'1481288',1746,,278,58,,,0
38019,'1481289',1816,,279,58,,,0
38019,'1481290',1846,,280,58,,,0
38019,'1481291',1920,,281,58,,,0
38019,'1481292',1950,,282,58,,,0
76000019,'1442746',1021,,364,32,,,0
76000019,'1442836',1151,,365,32,,,0
76000019,'1442868',1251,,366,32,,,0
76000019,'1442936',1451,,367,32,,,0
76000019,'1442948',1321,,368,32,,,0
76000019,'1442960',1121,,369,32,,,0
76000019,'1443166',1521,,370,32,,,0
76000019,'1443237',1621,,371,32,,,0
76000019,'1443568',1651,,372,32,,,0
76000019,'1443930',1721,,373,32,,,0
76000019,'1444078',1221,,374,32,,,0
76000019,'1444147',1751,,375,32,,,0
76000019,'1444253',1051,,376,32,,,0
76000019,'1444707',1551,,377,32,,,0
