5019,'1442650',1120,,1,23,,,0
5019,'1442688',1020,,2,23,,,0
5019,'1442690',920,,3,23,,,0
5019,'1442938',1720,,4,23,,,0
5019,'1443029',1620,,5,23,,,0
5019,'1443081',820,,6,23,,,0
5019,'1443286',1220,,7,23,,,0
5019,'1443417',1820,,8,23,,,0
5019,'1443735',1420,,9,23,,,0
5019,'1443904',1520,,10,23,,,0
5019,'1443973',720,,11,23,,,0
5019,'1444646',1320,,12,23,,,0
5019,'1468946',720,,13,23,,,0
5019,'1468947',820,,14,23,,,0
5019,'1468948',920,,15,23,,,0
5019,'1468949',1020,,16,23,,,0
5019,'1468950',1120,,17,23,,,0
5019,'1468951',1220,,18,23,,,0
5019,'1468952',1320,,19,23,,,0
5019,'1468953',1420,,20,23,,,0
5019,'1468954',1520,,21,23,,,0
5019,'1468955',1620,,22,23,,,0
5019,'1468956',1720,,23,23,,,0
5019,'1468957',1820,,24,23,,,0
