32019,'1442596',1812,,141,19,,,0
32019,'1442687',942,,142,19,,,0
32019,'1442754',642,,143,19,,,0
32019,'1442760',1412,,144,19,,,0
32019,'1442882',1742,,145,19,,,0
32019,'1442921',1342,,146,19,,,0
32019,'1442945',1542,,147,19,,,0
32019,'1443019',1042,,148,19,,,0
32019,'1443027',1742,,149,19,,,0
32019,'1443032',1142,,150,19,,,0
32019,'1443124',1012,,151,19,,,0
32019,'1443173',1712,,152,19,,,0
32019,'1443223',842,,153,19,,,0
32019,'1443230',742,,154,19,,,0
32019,'1443346',1212,,155,19,,,0
32019,'1443371',1642,,156,19,,,0
32019,'1443418',642,,157,19,,,0
32019,'1443451',1842,,158,19,,,0
32019,'1443460',1512,,159,19,,,0
32019,'1443559',1342,,160,19,,,0
32019,'1443566',1442,,161,19,,,0
32019,'1443666',942,,162,19,,,0
32019,'1443678',1442,,163,19,,,0
32019,'1443693',912,,164,19,,,0
32019,'1443729',1112,,165,19,,,0
32019,'1443750',1242,,166,19,,,0
32019,'1443756',712,,167,19,,,0
32019,'1443859',842,,168,19,,,0
32019,'1443893',1842,,169,19,,,0
32019,'1444067',1142,,170,19,,,0
32019,'1444076',742,,171,19,,,0
32019,'1444125',1312,,172,19,,,0
32019,'1444263',1042,,173,19,,,0
32019,'1444410',1612,,174,19,,,0
32019,'1444513',1242,,175,19,,,0
32019,'1444517',812,,176,19,,,0
32019,'1444645',1642,,177,19,,,0
32019,'1444700',1542,,178,19,,,0
902019,'1442632',2241,,337,19,,,0
902019,'1442824',2241,,338,19,,,0
902019,'1442866',1241,,339,19,,,0
902019,'1443008',1141,,340,19,,,0
902019,'1443149',1541,,341,19,,,0
902019,'1443169',2041,,342,19,,,0
902019,'1443298',2041,,344,19,,,0
902019,'1443323',1641,,345,19,,,0
902019,'1443365',1041,,347,19,,,0
902019,'1443389',1941,,348,19,,,0
902019,'1443612',2141,,349,19,,,0
902019,'1443718',1341,,351,19,,,0
902019,'1443721',2141,,352,19,,,0
902019,'1443889',1941,,355,19,,,0
902019,'1444136',941,,356,19,,,0
