32019,'1442596',1820,,141,34,,,0
32019,'1442687',950,,142,34,,,0
32019,'1442754',650,,143,34,,,0
32019,'1442760',1420,,144,34,,,0
32019,'1442882',1750,,145,34,,,0
32019,'1442921',1350,,146,34,,,0
32019,'1442945',1550,,147,34,,,0
32019,'1443019',1050,,148,34,,,0
32019,'1443027',1750,,149,34,,,0
32019,'1443032',1150,,150,34,,,0
32019,'1443124',1020,,151,34,,,0
32019,'1443173',1720,,152,34,,,0
32019,'1443223',850,,153,34,,,0
32019,'1443230',750,,154,34,,,0
32019,'1443346',1220,,155,34,,,0
32019,'1443371',1650,,156,34,,,0
32019,'1443418',650,,157,34,,,0
32019,'1443451',1850,,158,34,,,0
32019,'1443460',1520,,159,34,,,0
32019,'1443559',1350,,160,34,,,0
32019,'1443566',1450,,161,34,,,0
32019,'1443666',950,,162,34,,,0
32019,'1443678',1450,,163,34,,,0
32019,'1443693',920,,164,34,,,0
32019,'1443729',1120,,165,34,,,0
32019,'1443750',1250,,166,34,,,0
32019,'1443756',720,,167,34,,,0
32019,'1443859',850,,168,34,,,0
32019,'1443893',1850,,169,34,,,0
32019,'1444067',1150,,170,34,,,0
32019,'1444076',750,,171,34,,,0
32019,'1444125',1320,,172,34,,,0
32019,'1444263',1050,,173,34,,,0
32019,'1444410',1620,,174,34,,,0
32019,'1444513',1250,,175,34,,,0
32019,'1444517',820,,176,34,,,0
32019,'1444645',1650,,177,34,,,0
32019,'1444700',1550,,178,34,,,0
902019,'1442632',2249,,337,34,,,0
902019,'1442824',2249,,338,34,,,0
902019,'1442866',1249,,339,34,,,0
902019,'1443008',1149,,340,34,,,0
902019,'1443149',1549,,341,34,,,0
902019,'1443169',2049,,342,34,,,0
902019,'1443298',2049,,344,34,,,0
902019,'1443323',1649,,345,34,,,0
902019,'1443365',1049,,347,34,,,0
902019,'1443389',1949,,348,34,,,0
902019,'1443612',2149,,349,34,,,0
902019,'1443718',1349,,351,34,,,0
902019,'1443721',2149,,352,34,,,0
902019,'1443889',1949,,355,34,,,0
902019,'1444136',949,,356,34,,,0
