909,'1442574',1344,,37,23,,,0
909,'1442601',1444,,38,23,,,0
909,'1442683',1244,,39,23,,,0
909,'1442720',744,,40,23,,,0
909,'1442725',1344,,41,23,,,0
909,'1442740',1544,,42,23,,,0
909,'1442981',1544,,43,23,,,0
909,'1443060',1044,,44,23,,,0
909,'1443114',844,,45,23,,,0
909,'1443507',744,,46,23,,,0
909,'1443572',1844,,47,23,,,0
909,'1443665',844,,48,23,,,0
909,'1443760',1444,,49,23,,,0
909,'1444093',944,,50,23,,,0
909,'1444114',1644,,51,23,,,0
909,'1444140',1644,,52,23,,,0
909,'1444157',1744,,53,23,,,0
909,'1444177',644,,54,23,,,0
909,'1444202',944,,55,23,,,0
909,'1444275',1144,,56,23,,,0
909,'1444286',644,,57,23,,,0
909,'1444316',1744,,58,23,,,0
909,'1444336',1044,,59,23,,,0
909,'1444355',1244,,60,23,,,0
909,'1444529',1844,,61,23,,,0
909,'1444681',1144,,62,23,,,0
