509,'1442650',1115,,1,16,,,0
509,'1442688',1015,,2,16,,,0
509,'1442690',915,,3,16,,,0
509,'1442938',1715,,4,16,,,0
509,'1443029',1615,,5,16,,,0
509,'1443081',815,,6,16,,,0
509,'1443286',1215,,7,16,,,0
509,'1443417',1815,,8,16,,,0
509,'1443735',1415,,9,16,,,0
509,'1443904',1515,,10,16,,,0
509,'1443973',715,,11,16,,,0
509,'1444646',1315,,12,16,,,0
509,'1468946',715,,13,16,,,0
509,'1468947',815,,14,16,,,0
509,'1468948',915,,15,16,,,0
509,'1468949',1015,,16,16,,,0
509,'1468950',1115,,17,16,,,0
509,'1468951',1215,,18,16,,,0
509,'1468952',1315,,19,16,,,0
509,'1468953',1415,,20,16,,,0
509,'1468954',1515,,21,16,,,0
509,'1468955',1615,,22,16,,,0
509,'1468956',1715,,23,16,,,0
509,'1468957',1815,,24,16,,,0
90209,'1442623',2010,,336,11,0,13,0
90209,'1443277',2110,,343,11,0,13,0
90209,'1443327',2210,,346,11,0,13,0
90209,'1443696',2010,,350,11,0,13,0
90209,'1443801',1510,,353,11,0,13,0
90209,'1443882',1710,,354,11,0,13,0
90209,'1444181',1310,,357,11,0,13,0
90209,'1444215',2210,,358,11,0,13,0
90209,'1444222',1210,,359,11,0,13,0
90209,'1444364',1610,,360,11,0,13,0
90209,'1444425',1110,,361,11,0,13,0
90209,'1444479',2110,,362,11,0,13,0
90209,'1444524',1010,,363,11,0,13,0
