609,'1481208',2207,,25,12,,,0
609,'1481209',2107,,26,12,,,0
609,'1481210',2007,,27,12,,,0
609,'1481293',2207,,28,12,,,0
609,'1481294',2107,,29,12,,,0
609,'1481295',2007,,30,12,,,0
709,'1442686',2140,,31,19,0,5 15,0
709,'1443170',2040,,32,19,0,5 15,0
709,'1443421',2042,,33,19,0,5 15,0
709,'1444160',1942,,34,19,0,5 15,0
709,'1444518',1940,,35,19,0,5 15,0
709,'1444604',2142,,36,19,0,5 15,0
3709,'1481156',640,,179,12,,,0
3709,'1481157',710,,180,12,,,0
3709,'1481158',740,,181,12,,,0
3709,'1481159',810,,182,12,,,0
3709,'1481160',840,,183,12,,,0
3709,'1481161',910,,184,12,,,0
3709,'1481162',940,,185,12,,,0
3709,'1481163',1010,,186,12,,,0
3709,'1481164',1040,,187,12,,,0
3709,'1481165',1110,,188,12,,,0
3709,'1481166',1140,,189,12,,,0
3709,'1481167',1210,,190,12,,,0
3709,'1481168',1240,,191,12,,,0
3709,'1481169',1310,,192,12,,,0
3709,'1481170',1340,,193,12,,,0
3709,'1481171',1410,,194,12,,,0
3709,'1481172',1440,,195,12,,,0
3709,'1481173',1510,,196,12,,,0
3709,'1481174',1540,,197,12,,,0
3709,'1481175',1610,,198,12,,,0
3709,'1481176',1640,,199,12,,,0
3709,'1481177',1710,,200,12,,,0
3709,'1481178',1740,,201,12,,,0
3709,'1481179',1810,,202,12,,,0
3709,'1481180',1840,,203,12,,,0
3709,'1481181',1910,,204,12,,,0
3709,'1481241',640,,205,12,,,0
3709,'1481242',710,,206,12,,,0
3709,'1481243',740,,207,12,,,0
3709,'1481244',810,,208,12,,,0
3709,'1481245',840,,209,12,,,0
3709,'1481246',910,,210,12,,,0
3709,'1481247',940,,211,12,,,0
3709,'1481248',1010,,212,12,,,0
3709,'1481249',1040,,213,12,,,0
3709,'1481250',1110,,214,12,,,0
3709,'1481251',1140,,215,12,,,0
3709,'1481252',1210,,216,12,,,0
3709,'1481253',1240,,217,12,,,0
3709,'1481254',1310,,218,12,,,0
3709,'1481255',1340,,219,12,,,0
3709,'1481256',1410,,220,12,,,0
3709,'1481257',1440,,221,12,,,0
3709,'1481258',1510,,222,12,,,0
3709,'1481259',1540,,223,12,,,0
3709,'1481260',1610,,224,12,,,0
3709,'1481261',1640,,225,12,,,0
3709,'1481262',1710,,226,12,,,0
3709,'1481263',1740,,227,12,,,0
3709,'1481264',1810,,228,12,,,0
3709,'1481265',1840,,229,12,,,0
3709,'1481266',1910,,230,12,,,0
3809,'1481182',659,,231,40,,,0
3809,'1481183',729,,232,40,,,0
3809,'1481184',759,,233,40,,,0
3809,'1481185',829,,234,40,,,0
3809,'1481186',859,,235,40,,,0
3809,'1481187',929,,236,40,,,0
3809,'1481188',959,,237,40,,,0
3809,'1481189',1029,,238,40,,,0
3809,'1481190',1059,,239,40,,,0
3809,'1481191',1129,,240,40,,,0
3809,'1481192',1159,,241,40,,,0
3809,'1481193',1229,,242,40,,,0
3809,'1481194',1259,,243,40,,,0
3809,'1481195',1329,,244,40,,,0
3809,'1481196',1359,,245,40,,,0
3809,'1481197',1429,,246,40,,,0
3809,'1481198',1459,,247,40,,,0
3809,'1481199',1529,,248,40,,,0
3809,'1481200',1559,,249,40,,,0
3809,'1481201',1629,,250,40,,,0
3809,'1481202',1659,,251,40,,,0
3809,'1481203',1729,,252,40,,,0
3809,'1481204',1759,,253,40,,,0
3809,'1481205',1829,,254,40,,,0
3809,'1481206',1859,,255,40,,,0
3809,'1481207',1929,,256,40,,,0
3809,'1481267',659,,257,40,,,0
3809,'1481268',729,,258,40,,,0
3809,'1481269',759,,259,40,,,0
3809,'1481270',829,,260,40,,,0
3809,'1481271',859,,261,40,,,0
3809,'1481272',929,,262,40,,,0
3809,'1481273',959,,263,40,,,0
3809,'1481274',1029,,264,40,,,0
3809,'1481275',1059,,265,40,,,0
3809,'1481276',1129,,266,40,,,0
3809,'1481277',1159,,267,40,,,0
3809,'1481278',1229,,268,40,,,0
3809,'1481279',1259,,269,40,,,0
3809,'1481280',1329,,270,40,,,0
3809,'1481281',1359,,271,40,,,0
3809,'1481282',1429,,272,40,,,0
3809,'1481283',1459,,273,40,,,0
3809,'1481284',1529,,274,40,,,0
3809,'1481285',1559,,275,40,,,0
3809,'1481286',1629,,276,40,,,0
3809,'1481287',1659,,277,40,,,0
3809,'1481288',1729,,278,40,,,0
3809,'1481289',1759,,279,40,,,0
3809,'1481290',1829,,280,40,,,0
3809,'1481291',1859,,281,40,,,0
3809,'1481292',1929,,282,40,,,0
90109,'1481215',2252,,303,27,0,11 12,0
90109,'1481216',2152,,304,27,0,11 12,0
90109,'1481217',2052,,305,27,0,11 12,0
90109,'1481218',1952,,306,27,0,11 12,0
90109,'1481231',852,,318,27,0,11 12,0
90109,'1481232',952,,319,27,0,11 12,0
90109,'1481233',1052,,320,27,0,11 12,0
90109,'1481234',1152,,321,27,0,11 12,0
90109,'1481235',1252,,322,27,0,11 12,0
90109,'1481236',1352,,323,27,0,11 12,0
90109,'1481237',1452,,324,27,0,11 12,0
90109,'1481238',1552,,325,27,0,11 12,0
90109,'1481239',1652,,326,27,0,11 12,0
90109,'1481240',1752,,327,27,0,11 12,0
90109,'1481300',2252,,332,27,0,11 12,0
90109,'1481301',2152,,333,27,0,11 12,0
90109,'1481302',2052,,334,27,0,11 12,0
90109,'1481303',1952,,335,27,0,11 12,0
7600009,'1442746',1009,,364,19,0,14,0
7600009,'1442836',1139,,365,19,0,14,0
7600009,'1442868',1239,,366,19,0,14,0
7600009,'1442936',1439,,367,19,0,14,0
7600009,'1442948',1309,,368,19,0,14,0
7600009,'1442960',1109,,369,19,0,14,0
7600009,'1443166',1509,,370,19,0,14,0
7600009,'1443237',1609,,371,19,0,14,0
7600009,'1443568',1639,,372,19,0,14,0
7600009,'1443930',1709,,373,19,0,14,0
7600009,'1444078',1209,,374,19,0,14,0
7600009,'1444147',1739,,375,19,0,14,0
7600009,'1444253',1039,,376,19,0,14,0
7600009,'1444707',1539,,377,19,0,14,0
