1609,'1471644',652,,76,25,0,6 7,0,50,,76,34,0,6 7,0
1609,'1471645',752,,77,25,0,6 7,0,50,,77,34,0,6 7,0
1609,'1471646',852,,78,25,0,6 7,0,50,,78,34,0,6 7,0
1609,'1471647',952,,79,25,0,6 7,0,50,,79,34,0,6 7,0
1609,'1471648',1052,,80,25,0,6 7,0,50,,80,34,0,6 7,0
1609,'1471649',1152,,81,25,0,6 7,0,50,,81,34,0,6 7,0
1609,'1471650',1252,,82,25,0,6 7,0,50,,82,34,0,6 7,0
1609,'1471651',1352,,83,25,0,6 7,0,50,,83,34,0,6 7,0
1609,'1471652',1452,,84,25,0,6 7,0,50,,84,34,0,6 7,0
1609,'1471653',1552,,85,25,0,6 7,0,50,,85,34,0,6 7,0
1609,'1471654',1652,,86,25,0,6 7,0,50,,86,34,0,6 7,0
1609,'1471655',1752,,87,25,0,6 7,0,50,,87,34,0,6 7,0
1609,'1471656',1852,,88,25,0,6 7,0,50,,88,34,0,6 7,0
1609,'1471657',722,,89,25,0,6 7,0,10,,89,34,0,6 7,0
1609,'1471658',822,,90,25,0,6 7,0,10,,90,34,0,6 7,0
1609,'1471659',922,,91,25,0,6 7,0,10,,91,34,0,6 7,0
1609,'1471660',1122,,92,26,0,8,0,10,,92,35,0,8,0
1609,'1471661',1622,,93,25,0,6 7,0,10,,93,34,0,6 7,0
1609,'1471662',1222,,94,26,0,8,0,10,,94,35,0,8,0
1609,'1471663',1322,,95,26,0,8,0,10,,95,35,0,8,0
1609,'1471664',1722,,96,25,0,6 7,0,10,,96,34,0,6 7,0
1609,'1471665',1822,,97,25,0,6 7,0,10,,97,34,0,6 7,0
1609,'1471666',1022,,98,26,0,8,0,10,,98,35,0,8,0
1609,'1471667',1522,,99,25,0,6 7,0,10,,99,34,0,6 7,0
1609,'1471668',1422,,100,26,0,8,0,10,,100,35,0,8,0
