709,'1442686',2136,,31,9,0,5 15,0
709,'1443170',2036,,32,9,0,5 15,0
709,'1443421',2036,,33,9,0,5 15,0
709,'1444160',1936,,34,9,0,5 15,0
709,'1444518',1936,,35,9,0,5 15,0
709,'1444604',2136,,36,9,0,5 15,0
3809,'1481182',651,,231,24,,,0
3809,'1481183',721,,232,24,,,0
3809,'1481184',751,,233,24,,,0
3809,'1481185',821,,234,24,,,0
3809,'1481186',851,,235,24,,,0
3809,'1481187',921,,236,24,,,0
3809,'1481188',951,,237,24,,,0
3809,'1481189',1021,,238,24,,,0
3809,'1481190',1051,,239,24,,,0
3809,'1481191',1121,,240,24,,,0
3809,'1481192',1151,,241,24,,,0
3809,'1481193',1221,,242,24,,,0
3809,'1481194',1251,,243,24,,,0
3809,'1481195',1321,,244,24,,,0
3809,'1481196',1351,,245,24,,,0
3809,'1481197',1421,,246,24,,,0
3809,'1481198',1451,,247,24,,,0
3809,'1481199',1521,,248,24,,,0
3809,'1481200',1551,,249,24,,,0
3809,'1481201',1621,,250,24,,,0
3809,'1481202',1651,,251,24,,,0
3809,'1481203',1721,,252,24,,,0
3809,'1481204',1751,,253,24,,,0
3809,'1481205',1821,,254,24,,,0
3809,'1481206',1851,,255,24,,,0
3809,'1481207',1921,,256,24,,,0
3809,'1481267',651,,257,24,,,0
3809,'1481268',721,,258,24,,,0
3809,'1481269',751,,259,24,,,0
3809,'1481270',821,,260,24,,,0
3809,'1481271',851,,261,24,,,0
3809,'1481272',921,,262,24,,,0
3809,'1481273',951,,263,24,,,0
3809,'1481274',1021,,264,24,,,0
3809,'1481275',1051,,265,24,,,0
3809,'1481276',1121,,266,24,,,0
3809,'1481277',1151,,267,24,,,0
3809,'1481278',1221,,268,24,,,0
3809,'1481279',1251,,269,24,,,0
3809,'1481280',1321,,270,24,,,0
3809,'1481281',1351,,271,24,,,0
3809,'1481282',1421,,272,24,,,0
3809,'1481283',1451,,273,24,,,0
3809,'1481284',1521,,274,24,,,0
3809,'1481285',1551,,275,24,,,0
3809,'1481286',1621,,276,24,,,0
3809,'1481287',1651,,277,24,,,0
3809,'1481288',1721,,278,24,,,0
3809,'1481289',1751,,279,24,,,0
3809,'1481290',1821,,280,24,,,0
3809,'1481291',1851,,281,24,,,0
3809,'1481292',1921,,282,24,,,0
7600009,'1442746',1005,,364,9,0,14,0
7600009,'1442836',1135,,365,9,0,14,0
7600009,'1442868',1235,,366,9,0,14,0
7600009,'1442936',1435,,367,9,0,14,0
7600009,'1442948',1305,,368,9,0,14,0
7600009,'1442960',1105,,369,9,0,14,0
7600009,'1443166',1505,,370,9,0,14,0
7600009,'1443237',1605,,371,9,0,14,0
7600009,'1443568',1635,,372,9,0,14,0
7600009,'1443930',1705,,373,9,0,14,0
7600009,'1444078',1205,,374,9,0,14,0
7600009,'1444147',1735,,375,9,0,14,0
7600009,'1444253',1035,,376,9,0,14,0
7600009,'1444707',1535,,377,9,0,14,0
