9019,'1442574',1349,,37,30,,,0
9019,'1442601',1449,,38,30,,,0
9019,'1442683',1249,,39,30,,,0
9019,'1442720',749,,40,30,,,0
9019,'1442725',1349,,41,30,,,0
9019,'1442740',1549,,42,30,,,0
9019,'1442981',1549,,43,30,,,0
9019,'1443060',1049,,44,30,,,0
9019,'1443114',849,,45,30,,,0
9019,'1443507',749,,46,30,,,0
9019,'1443572',1849,,47,30,,,0
9019,'1443665',849,,48,30,,,0
9019,'1443760',1449,,49,30,,,0
9019,'1444093',949,,50,30,,,0
9019,'1444114',1649,,51,30,,,0
9019,'1444140',1649,,52,30,,,0
9019,'1444157',1749,,53,30,,,0
9019,'1444177',649,,54,30,,,0
9019,'1444202',949,,55,30,,,0
9019,'1444275',1149,,56,30,,,0
9019,'1444286',649,,57,30,,,0
9019,'1444316',1749,,58,30,,,0
9019,'1444336',1049,,59,30,,,0
9019,'1444355',1249,,60,30,,,0
9019,'1444529',1849,,61,30,,,0
9019,'1444681',1149,,62,30,,,0
16019,'1442759',1221,,63,51,0,5,0
16019,'1442908',1721,,64,51,0,5,0
16019,'1443382',1621,,65,51,0,5,0
16019,'1443639',1021,,66,51,0,5,0
16019,'1443689',1921,,67,51,0,5,0
16019,'1443695',1121,,68,51,0,5,0
16019,'1443794',1321,,69,51,0,5,0
16019,'1443910',1521,,70,51,0,5,0
16019,'1443990',1421,,71,51,0,5,0
16019,'1444348',1821,,72,51,0,5,0
16019,'1444457',921,,73,51,0,5,0
16019,'1444527',821,,74,51,0,5,0
16019,'1444699',721,,75,51,0,5,0
16019,'1471644',721,,76,53,0,6 7,0
16019,'1471645',821,,77,53,0,6 7,0
16019,'1471646',921,,78,53,0,6 7,0
16019,'1471647',1021,,79,53,0,6 7,0
16019,'1471648',1121,,80,53,0,6 7,0
16019,'1471649',1221,,81,53,0,6 7,0
16019,'1471650',1321,,82,53,0,6 7,0
16019,'1471651',1421,,83,53,0,6 7,0
16019,'1471652',1521,,84,53,0,6 7,0
16019,'1471653',1621,,85,53,0,6 7,0
16019,'1471654',1721,,86,53,0,6 7,0
16019,'1471655',1821,,87,53,0,6 7,0
16019,'1471656',1921,,88,53,0,6 7,0
16019,'1471657',751,,89,53,0,6 7,0
16019,'1471658',851,,90,53,0,6 7,0
16019,'1471659',951,,91,53,0,6 7,0
16019,'1471660',1151,,92,54,0,8,0
16019,'1471661',1651,,93,53,0,6 7,0
16019,'1471662',1251,,94,54,0,8,0
16019,'1471663',1351,,95,54,0,8,0
16019,'1471664',1751,,96,53,0,6 7,0
16019,'1471665',1851,,97,53,0,6 7,0
16019,'1471666',1051,,98,54,0,8,0
16019,'1471667',1551,,99,53,0,6 7,0
16019,'1471668',1451,,100,54,0,8,0
901019,'1481211',2314,,299,51,,,0
901019,'1481212',2014,,300,51,,,0
901019,'1481213',2114,,301,51,,,0
901019,'1481214',2214,,302,51,,,0
901019,'1481220',914,,307,51,,,0
901019,'1481221',1014,,308,51,,,0
901019,'1481222',1114,,309,51,,,0
901019,'1481223',1214,,310,51,,,0
901019,'1481224',1314,,311,51,,,0
901019,'1481225',1414,,312,51,,,0
901019,'1481226',1514,,313,51,,,0
901019,'1481227',1614,,314,51,,,0
901019,'1481228',1714,,315,51,,,0
901019,'1481229',1814,,316,51,,,0
901019,'1481230',1914,,317,51,,,0
901019,'1481296',2322,,328,51,,,0
901019,'1481297',2022,,329,51,,,0
901019,'1481298',2122,,330,51,,,0
901019,'1481299',2222,,331,51,,,0
