5019,'1442650',1123,,1,27,,,0
5019,'1442688',1023,,2,27,,,0
5019,'1442690',923,,3,27,,,0
5019,'1442938',1723,,4,27,,,0
5019,'1443029',1623,,5,27,,,0
5019,'1443081',823,,6,27,,,0
5019,'1443286',1223,,7,27,,,0
5019,'1443417',1823,,8,27,,,0
5019,'1443735',1423,,9,27,,,0
5019,'1443904',1523,,10,27,,,0
5019,'1443973',723,,11,27,,,0
5019,'1444646',1323,,12,27,,,0
5019,'1468946',723,,13,27,,,0
5019,'1468947',823,,14,27,,,0
5019,'1468948',923,,15,27,,,0
5019,'1468949',1023,,16,27,,,0
5019,'1468950',1123,,17,27,,,0
5019,'1468951',1223,,18,27,,,0
5019,'1468952',1323,,19,27,,,0
5019,'1468953',1423,,20,27,,,0
5019,'1468954',1523,,21,27,,,0
5019,'1468955',1623,,22,27,,,0
5019,'1468956',1723,,23,27,,,0
5019,'1468957',1823,,24,27,,,0
901029,'1481215',2320,,303,57,,,0
901029,'1481216',2220,,304,57,,,0
901029,'1481217',2120,,305,57,,,0
901029,'1481218',2020,,306,57,,,0
901029,'1481231',920,,318,57,,,0
901029,'1481232',1020,,319,57,,,0
901029,'1481233',1120,,320,57,,,0
901029,'1481234',1220,,321,57,,,0
901029,'1481235',1320,,322,57,,,0
901029,'1481236',1420,,323,57,,,0
901029,'1481237',1520,,324,57,,,0
901029,'1481238',1620,,325,57,,,0
901029,'1481239',1720,,326,57,,,0
901029,'1481240',1820,,327,57,,,0
901029,'1481300',2323,,332,57,,,0
901029,'1481301',2223,,333,57,,,0
901029,'1481302',2123,,334,57,,,0
901029,'1481303',2023,,335,57,,,0
