6019,'1481208',2202,,25,3,,,0
6019,'1481209',2102,,26,3,,,0
6019,'1481210',2002,,27,3,,,0
6019,'1481293',2202,,28,3,,,0
6019,'1481294',2102,,29,3,,,0
6019,'1481295',2002,,30,3,,,0
7019,'1442686',2133,,31,3,0,5 15,0
7019,'1443170',2033,,32,3,0,5 15,0
7019,'1443421',2033,,33,3,0,5 15,0
7019,'1444160',1933,,34,3,0,5 15,0
7019,'1444518',1933,,35,3,0,5 15,0
7019,'1444604',2133,,36,3,0,5 15,0
37019,'1481156',633,,179,3,,,0
37019,'1481157',703,,180,3,,,0
37019,'1481158',733,,181,3,,,0
37019,'1481159',803,,182,3,,,0
37019,'1481160',833,,183,3,,,0
37019,'1481161',903,,184,3,,,0
37019,'1481162',933,,185,3,,,0
37019,'1481163',1003,,186,3,,,0
37019,'1481164',1033,,187,3,,,0
37019,'1481165',1103,,188,3,,,0
37019,'1481166',1133,,189,3,,,0
37019,'1481167',1203,,190,3,,,0
37019,'1481168',1233,,191,3,,,0
37019,'1481169',1303,,192,3,,,0
37019,'1481170',1333,,193,3,,,0
37019,'1481171',1403,,194,3,,,0
37019,'1481172',1433,,195,3,,,0
37019,'1481173',1503,,196,3,,,0
37019,'1481174',1533,,197,3,,,0
37019,'1481175',1603,,198,3,,,0
37019,'1481176',1633,,199,3,,,0
37019,'1481177',1703,,200,3,,,0
37019,'1481178',1733,,201,3,,,0
37019,'1481179',1803,,202,3,,,0
37019,'1481180',1833,,203,3,,,0
37019,'1481181',1903,,204,3,,,0
37019,'1481241',633,,205,3,,,0
37019,'1481242',703,,206,3,,,0
37019,'1481243',733,,207,3,,,0
37019,'1481244',803,,208,3,,,0
37019,'1481245',833,,209,3,,,0
37019,'1481246',903,,210,3,,,0
37019,'1481247',933,,211,3,,,0
37019,'1481248',1003,,212,3,,,0
37019,'1481249',1033,,213,3,,,0
37019,'1481250',1103,,214,3,,,0
37019,'1481251',1133,,215,3,,,0
37019,'1481252',1203,,216,3,,,0
37019,'1481253',1233,,217,3,,,0
37019,'1481254',1303,,218,3,,,0
37019,'1481255',1333,,219,3,,,0
37019,'1481256',1403,,220,3,,,0
37019,'1481257',1433,,221,3,,,0
37019,'1481258',1503,,222,3,,,0
37019,'1481259',1533,,223,3,,,0
37019,'1481260',1603,,224,3,,,0
37019,'1481261',1633,,225,3,,,0
37019,'1481262',1703,,226,3,,,0
37019,'1481263',1733,,227,3,,,0
37019,'1481264',1803,,228,3,,,0
37019,'1481265',1833,,229,3,,,0
37019,'1481266',1903,,230,3,,,0
76000019,'1442746',1002,,364,3,0,14,0
76000019,'1442836',1132,,365,3,0,14,0
76000019,'1442868',1232,,366,3,0,14,0
76000019,'1442936',1432,,367,3,0,14,0
76000019,'1442948',1302,,368,3,0,14,0
76000019,'1442960',1102,,369,3,0,14,0
76000019,'1443166',1502,,370,3,0,14,0
76000019,'1443237',1602,,371,3,0,14,0
76000019,'1443568',1632,,372,3,0,14,0
76000019,'1443930',1702,,373,3,0,14,0
76000019,'1444078',1202,,374,3,0,14,0
76000019,'1444147',1732,,375,3,0,14,0
76000019,'1444253',1032,,376,3,0,14,0
76000019,'1444707',1532,,377,3,0,14,0
