3209,'1442596',1823,,141,41,,,0
3209,'1442687',953,,142,41,,,0
3209,'1442754',653,,143,41,,,0
3209,'1442760',1423,,144,41,,,0
3209,'1442882',1753,,145,41,,,0
3209,'1442921',1353,,146,41,,,0
3209,'1442945',1553,,147,41,,,0
3209,'1443019',1053,,148,41,,,0
3209,'1443027',1753,,149,41,,,0
3209,'1443032',1153,,150,41,,,0
3209,'1443124',1023,,151,41,,,0
3209,'1443173',1723,,152,41,,,0
3209,'1443223',853,,153,41,,,0
3209,'1443230',753,,154,41,,,0
3209,'1443346',1223,,155,41,,,0
3209,'1443371',1653,,156,41,,,0
3209,'1443418',653,,157,41,,,0
3209,'1443451',1853,,158,41,,,0
3209,'1443460',1523,,159,41,,,0
3209,'1443559',1353,,160,41,,,0
3209,'1443566',1453,,161,41,,,0
3209,'1443666',953,,162,41,,,0
3209,'1443678',1453,,163,41,,,0
3209,'1443693',923,,164,41,,,0
3209,'1443729',1123,,165,41,,,0
3209,'1443750',1253,,166,41,,,0
3209,'1443756',723,,167,41,,,0
3209,'1443859',853,,168,41,,,0
3209,'1443893',1853,,169,41,,,0
3209,'1444067',1153,,170,41,,,0
3209,'1444076',753,,171,41,,,0
3209,'1444125',1323,,172,41,,,0
3209,'1444263',1053,,173,41,,,0
3209,'1444410',1623,,174,41,,,0
3209,'1444513',1253,,175,41,,,0
3209,'1444517',823,,176,41,,,0
3209,'1444645',1653,,177,41,,,0
3209,'1444700',1553,,178,41,,,0
90209,'1442632',2252,,337,41,0,9 10,0
90209,'1442824',2252,,338,41,0,9 10,0
90209,'1442866',1252,,339,41,0,9 10,0
90209,'1443008',1152,,340,41,0,9 10,0
90209,'1443149',1552,,341,41,0,9 10,0
90209,'1443169',2052,,342,41,0,9 10,0
90209,'1443298',2052,,344,41,0,9 10,0
90209,'1443323',1652,,345,41,0,9 10,0
90209,'1443365',1052,,347,41,0,9 10,0
90209,'1443389',1952,,348,41,0,9 10,0
90209,'1443612',2152,,349,41,0,9 10,0
90209,'1443718',1352,,351,41,0,9 10,0
90209,'1443721',2152,,352,41,0,9 10,0
90209,'1443889',1952,,355,41,0,9 10,0
90209,'1444136',952,,356,41,0,9 10,0
