3209,'1442596',1819,,141,32,,,0
3209,'1442687',949,,142,32,,,0
3209,'1442754',649,,143,32,,,0
3209,'1442760',1419,,144,32,,,0
3209,'1442882',1749,,145,32,,,0
3209,'1442921',1349,,146,32,,,0
3209,'1442945',1549,,147,32,,,0
3209,'1443019',1049,,148,32,,,0
3209,'1443027',1749,,149,32,,,0
3209,'1443032',1149,,150,32,,,0
3209,'1443124',1019,,151,32,,,0
3209,'1443173',1719,,152,32,,,0
3209,'1443223',849,,153,32,,,0
3209,'1443230',749,,154,32,,,0
3209,'1443346',1219,,155,32,,,0
3209,'1443371',1649,,156,32,,,0
3209,'1443418',649,,157,32,,,0
3209,'1443451',1849,,158,32,,,0
3209,'1443460',1519,,159,32,,,0
3209,'1443559',1349,,160,32,,,0
3209,'1443566',1449,,161,32,,,0
3209,'1443666',949,,162,32,,,0
3209,'1443678',1449,,163,32,,,0
3209,'1443693',919,,164,32,,,0
3209,'1443729',1119,,165,32,,,0
3209,'1443750',1249,,166,32,,,0
3209,'1443756',719,,167,32,,,0
3209,'1443859',849,,168,32,,,0
3209,'1443893',1849,,169,32,,,0
3209,'1444067',1149,,170,32,,,0
3209,'1444076',749,,171,32,,,0
3209,'1444125',1319,,172,32,,,0
3209,'1444263',1049,,173,32,,,0
3209,'1444410',1619,,174,32,,,0
3209,'1444513',1249,,175,32,,,0
3209,'1444517',819,,176,32,,,0
3209,'1444645',1649,,177,32,,,0
3209,'1444700',1549,,178,32,,,0
90209,'1442632',2248,,337,32,0,9 10,0
90209,'1442824',2248,,338,32,0,9 10,0
90209,'1442866',1248,,339,32,0,9 10,0
90209,'1443008',1148,,340,32,0,9 10,0
90209,'1443149',1548,,341,32,0,9 10,0
90209,'1443169',2048,,342,32,0,9 10,0
90209,'1443298',2048,,344,32,0,9 10,0
90209,'1443323',1648,,345,32,0,9 10,0
90209,'1443365',1048,,347,32,0,9 10,0
90209,'1443389',1948,,348,32,0,9 10,0
90209,'1443612',2148,,349,32,0,9 10,0
90209,'1443718',1348,,351,32,0,9 10,0
90209,'1443721',2148,,352,32,0,9 10,0
90209,'1443889',1948,,355,32,0,9 10,0
90209,'1444136',948,,356,32,0,9 10,0
