3209,'1442596',1815,,141,24,,,0
3209,'1442687',945,,142,24,,,0
3209,'1442754',645,,143,24,,,0
3209,'1442760',1415,,144,24,,,0
3209,'1442882',1745,,145,24,,,0
3209,'1442921',1345,,146,24,,,0
3209,'1442945',1545,,147,24,,,0
3209,'1443019',1045,,148,24,,,0
3209,'1443027',1745,,149,24,,,0
3209,'1443032',1145,,150,24,,,0
3209,'1443124',1015,,151,24,,,0
3209,'1443173',1715,,152,24,,,0
3209,'1443223',845,,153,24,,,0
3209,'1443230',745,,154,24,,,0
3209,'1443346',1215,,155,24,,,0
3209,'1443371',1645,,156,24,,,0
3209,'1443418',645,,157,24,,,0
3209,'1443451',1845,,158,24,,,0
3209,'1443460',1515,,159,24,,,0
3209,'1443559',1345,,160,24,,,0
3209,'1443566',1445,,161,24,,,0
3209,'1443666',945,,162,24,,,0
3209,'1443678',1445,,163,24,,,0
3209,'1443693',915,,164,24,,,0
3209,'1443729',1115,,165,24,,,0
3209,'1443750',1245,,166,24,,,0
3209,'1443756',715,,167,24,,,0
3209,'1443859',845,,168,24,,,0
3209,'1443893',1845,,169,24,,,0
3209,'1444067',1145,,170,24,,,0
3209,'1444076',745,,171,24,,,0
3209,'1444125',1315,,172,24,,,0
3209,'1444263',1045,,173,24,,,0
3209,'1444410',1615,,174,24,,,0
3209,'1444513',1245,,175,24,,,0
3209,'1444517',815,,176,24,,,0
3209,'1444645',1645,,177,24,,,0
3209,'1444700',1545,,178,24,,,0
90209,'1442632',2244,,337,24,0,9 10,0
90209,'1442824',2244,,338,24,0,9 10,0
90209,'1442866',1244,,339,24,0,9 10,0
90209,'1443008',1144,,340,24,0,9 10,0
90209,'1443149',1544,,341,24,0,9 10,0
90209,'1443169',2044,,342,24,0,9 10,0
90209,'1443298',2044,,344,24,0,9 10,0
90209,'1443323',1644,,345,24,0,9 10,0
90209,'1443365',1044,,347,24,0,9 10,0
90209,'1443389',1944,,348,24,0,9 10,0
90209,'1443612',2144,,349,24,0,9 10,0
90209,'1443718',1344,,351,24,0,9 10,0
90209,'1443721',2144,,352,24,0,9 10,0
90209,'1443889',1944,,355,24,0,9 10,0
90209,'1444136',944,,356,24,0,9 10,0
