6019,'1481208',2209,,25,15,,,0
6019,'1481209',2109,,26,15,,,0
6019,'1481210',2009,,27,15,,,0
6019,'1481293',2209,,28,15,,,0
6019,'1481294',2109,,29,15,,,0
6019,'1481295',2009,,30,15,,,0
37019,'1481156',643,,179,15,,,0
37019,'1481157',713,,180,15,,,0
37019,'1481158',743,,181,15,,,0
37019,'1481159',813,,182,15,,,0
37019,'1481160',843,,183,15,,,0
37019,'1481161',913,,184,15,,,0
37019,'1481162',943,,185,15,,,0
37019,'1481163',1013,,186,15,,,0
37019,'1481164',1043,,187,15,,,0
37019,'1481165',1113,,188,15,,,0
37019,'1481166',1143,,189,15,,,0
37019,'1481167',1213,,190,15,,,0
37019,'1481168',1243,,191,15,,,0
37019,'1481169',1313,,192,15,,,0
37019,'1481170',1343,,193,15,,,0
37019,'1481171',1413,,194,15,,,0
37019,'1481172',1443,,195,15,,,0
37019,'1481173',1513,,196,15,,,0
37019,'1481174',1543,,197,15,,,0
37019,'1481175',1613,,198,15,,,0
37019,'1481176',1643,,199,15,,,0
37019,'1481177',1713,,200,15,,,0
37019,'1481178',1743,,201,15,,,0
37019,'1481179',1813,,202,15,,,0
37019,'1481180',1843,,203,15,,,0
37019,'1481181',1913,,204,15,,,0
37019,'1481241',643,,205,15,,,0
37019,'1481242',713,,206,15,,,0
37019,'1481243',743,,207,15,,,0
37019,'1481244',813,,208,15,,,0
37019,'1481245',843,,209,15,,,0
37019,'1481246',913,,210,15,,,0
37019,'1481247',943,,211,15,,,0
37019,'1481248',1013,,212,15,,,0
37019,'1481249',1043,,213,15,,,0
37019,'1481250',1113,,214,15,,,0
37019,'1481251',1143,,215,15,,,0
37019,'1481252',1213,,216,15,,,0
37019,'1481253',1243,,217,15,,,0
37019,'1481254',1313,,218,15,,,0
37019,'1481255',1343,,219,15,,,0
37019,'1481256',1413,,220,15,,,0
37019,'1481257',1443,,221,15,,,0
37019,'1481258',1513,,222,15,,,0
37019,'1481259',1543,,223,15,,,0
37019,'1481260',1613,,224,15,,,0
37019,'1481261',1643,,225,15,,,0
37019,'1481262',1713,,226,15,,,0
37019,'1481263',1743,,227,15,,,0
37019,'1481264',1813,,228,15,,,0
37019,'1481265',1843,,229,15,,,0
37019,'1481266',1913,,230,15,,,0
38019,'1481182',701,,231,43,,,0
38019,'1481183',731,,232,43,,,0
38019,'1481184',801,,233,43,,,0
38019,'1481185',831,,234,43,,,0
38019,'1481186',901,,235,43,,,0
38019,'1481187',931,,236,43,,,0
38019,'1481188',1001,,237,43,,,0
38019,'1481189',1031,,238,43,,,0
38019,'1481190',1101,,239,43,,,0
38019,'1481191',1131,,240,43,,,0
38019,'1481192',1201,,241,43,,,0
38019,'1481193',1231,,242,43,,,0
38019,'1481194',1301,,243,43,,,0
38019,'1481195',1331,,244,43,,,0
38019,'1481196',1401,,245,43,,,0
38019,'1481197',1431,,246,43,,,0
38019,'1481198',1501,,247,43,,,0
38019,'1481199',1531,,248,43,,,0
38019,'1481200',1601,,249,43,,,0
38019,'1481201',1631,,250,43,,,0
38019,'1481202',1701,,251,43,,,0
38019,'1481203',1731,,252,43,,,0
38019,'1481204',1801,,253,43,,,0
38019,'1481205',1831,,254,43,,,0
38019,'1481206',1901,,255,43,,,0
38019,'1481207',1931,,256,43,,,0
38019,'1481267',701,,257,43,,,0
38019,'1481268',731,,258,43,,,0
38019,'1481269',801,,259,43,,,0
38019,'1481270',831,,260,43,,,0
38019,'1481271',901,,261,43,,,0
38019,'1481272',931,,262,43,,,0
38019,'1481273',1001,,263,43,,,0
38019,'1481274',1031,,264,43,,,0
38019,'1481275',1101,,265,43,,,0
38019,'1481276',1131,,266,43,,,0
38019,'1481277',1201,,267,43,,,0
38019,'1481278',1231,,268,43,,,0
38019,'1481279',1301,,269,43,,,0
38019,'1481280',1331,,270,43,,,0
38019,'1481281',1401,,271,43,,,0
38019,'1481282',1431,,272,43,,,0
38019,'1481283',1501,,273,43,,,0
38019,'1481284',1531,,274,43,,,0
38019,'1481285',1601,,275,43,,,0
38019,'1481286',1631,,276,43,,,0
38019,'1481287',1701,,277,43,,,0
38019,'1481288',1731,,278,43,,,0
38019,'1481289',1801,,279,43,,,0
38019,'1481290',1831,,280,43,,,0
38019,'1481291',1902,,281,43,,,0
38019,'1481292',1932,,282,43,,,0
901029,'1481215',2255,,303,30,,,0
901029,'1481216',2155,,304,30,,,0
901029,'1481217',2055,,305,30,,,0
901029,'1481218',1955,,306,30,,,0
901029,'1481231',855,,318,30,,,0
901029,'1481232',955,,319,30,,,0
901029,'1481233',1055,,320,30,,,0
901029,'1481234',1155,,321,30,,,0
901029,'1481235',1255,,322,30,,,0
901029,'1481236',1355,,323,30,,,0
901029,'1481237',1455,,324,30,,,0
901029,'1481238',1555,,325,30,,,0
901029,'1481239',1655,,326,30,,,0
901029,'1481240',1755,,327,30,,,0
901029,'1481300',2255,,332,30,,,0
901029,'1481301',2155,,333,30,,,0
901029,'1481302',2055,,334,30,,,0
901029,'1481303',1955,,335,30,,,0
76000019,'1442746',1011,,364,22,0,14,0
76000019,'1442836',1141,,365,22,0,14,0
76000019,'1442868',1241,,366,22,0,14,0
76000019,'1442936',1441,,367,22,0,14,0
76000019,'1442948',1311,,368,22,0,14,0
76000019,'1442960',1111,,369,22,0,14,0
76000019,'1443166',1511,,370,22,0,14,0
76000019,'1443237',1611,,371,22,0,14,0
76000019,'1443568',1641,,372,22,0,14,0
76000019,'1443930',1711,,373,22,0,14,0
76000019,'1444078',1211,,374,22,0,14,0
76000019,'1444147',1741,,375,22,0,14,0
76000019,'1444253',1041,,376,22,0,14,0
76000019,'1444707',1541,,377,22,0,14,0
