709,'1442686',2138,,31,14,0,5 15,0
709,'1443170',2038,,32,14,0,5 15,0
709,'1443421',2039,,33,14,0,5 15,0
709,'1444160',1939,,34,14,0,5 15,0
709,'1444518',1938,,35,14,0,5 15,0
709,'1444604',2139,,36,14,0,5 15,0
3709,'1481156',655,,179,31,,,0
3709,'1481157',725,,180,31,,,0
3709,'1481158',755,,181,31,,,0
3709,'1481159',825,,182,31,,,0
3709,'1481160',855,,183,31,,,0
3709,'1481161',925,,184,31,,,0
3709,'1481162',955,,185,31,,,0
3709,'1481163',1025,,186,31,,,0
3709,'1481164',1055,,187,31,,,0
3709,'1481165',1125,,188,31,,,0
3709,'1481166',1155,,189,31,,,0
3709,'1481167',1225,,190,31,,,0
3709,'1481168',1255,,191,31,,,0
3709,'1481169',1325,,192,31,,,0
3709,'1481170',1355,,193,31,,,0
3709,'1481171',1425,,194,31,,,0
3709,'1481172',1455,,195,31,,,0
3709,'1481173',1525,,196,31,,,0
3709,'1481174',1555,,197,31,,,0
3709,'1481175',1625,,198,31,,,0
3709,'1481176',1655,,199,31,,,0
3709,'1481177',1725,,200,31,,,0
3709,'1481178',1755,,201,31,,,0
3709,'1481179',1825,,202,31,,,0
3709,'1481180',1855,,203,31,,,0
3709,'1481181',1925,,204,31,,,0
3709,'1481241',655,,205,31,,,0
3709,'1481242',725,,206,31,,,0
3709,'1481243',755,,207,31,,,0
3709,'1481244',825,,208,31,,,0
3709,'1481245',855,,209,31,,,0
3709,'1481246',925,,210,31,,,0
3709,'1481247',955,,211,31,,,0
3709,'1481248',1025,,212,31,,,0
3709,'1481249',1055,,213,31,,,0
3709,'1481250',1125,,214,31,,,0
3709,'1481251',1155,,215,31,,,0
3709,'1481252',1225,,216,31,,,0
3709,'1481253',1255,,217,31,,,0
3709,'1481254',1325,,218,31,,,0
3709,'1481255',1355,,219,31,,,0
3709,'1481256',1425,,220,31,,,0
3709,'1481257',1455,,221,31,,,0
3709,'1481258',1525,,222,31,,,0
3709,'1481259',1555,,223,31,,,0
3709,'1481260',1625,,224,31,,,0
3709,'1481261',1655,,225,31,,,0
3709,'1481262',1725,,226,31,,,0
3709,'1481263',1755,,227,31,,,0
3709,'1481264',1825,,228,31,,,0
3709,'1481265',1855,,229,31,,,0
3709,'1481266',1925,,230,31,,,0
3809,'1481182',654,,231,29,,,0
3809,'1481183',724,,232,29,,,0
3809,'1481184',754,,233,29,,,0
3809,'1481185',824,,234,29,,,0
3809,'1481186',854,,235,29,,,0
3809,'1481187',924,,236,29,,,0
3809,'1481188',954,,237,29,,,0
3809,'1481189',1024,,238,29,,,0
3809,'1481190',1054,,239,29,,,0
3809,'1481191',1124,,240,29,,,0
3809,'1481192',1154,,241,29,,,0
3809,'1481193',1224,,242,29,,,0
3809,'1481194',1254,,243,29,,,0
3809,'1481195',1324,,244,29,,,0
3809,'1481196',1354,,245,29,,,0
3809,'1481197',1424,,246,29,,,0
3809,'1481198',1454,,247,29,,,0
3809,'1481199',1524,,248,29,,,0
3809,'1481200',1554,,249,29,,,0
3809,'1481201',1624,,250,29,,,0
3809,'1481202',1654,,251,29,,,0
3809,'1481203',1724,,252,29,,,0
3809,'1481204',1754,,253,29,,,0
3809,'1481205',1824,,254,29,,,0
3809,'1481206',1854,,255,29,,,0
3809,'1481207',1924,,256,29,,,0
3809,'1481267',654,,257,29,,,0
3809,'1481268',724,,258,29,,,0
3809,'1481269',754,,259,29,,,0
3809,'1481270',824,,260,29,,,0
3809,'1481271',854,,261,29,,,0
3809,'1481272',924,,262,29,,,0
3809,'1481273',954,,263,29,,,0
3809,'1481274',1024,,264,29,,,0
3809,'1481275',1054,,265,29,,,0
3809,'1481276',1124,,266,29,,,0
3809,'1481277',1154,,267,29,,,0
3809,'1481278',1224,,268,29,,,0
3809,'1481279',1254,,269,29,,,0
3809,'1481280',1324,,270,29,,,0
3809,'1481281',1354,,271,29,,,0
3809,'1481282',1424,,272,29,,,0
3809,'1481283',1454,,273,29,,,0
3809,'1481284',1524,,274,29,,,0
3809,'1481285',1554,,275,29,,,0
3809,'1481286',1624,,276,29,,,0
3809,'1481287',1654,,277,29,,,0
3809,'1481288',1724,,278,29,,,0
3809,'1481289',1754,,279,29,,,0
3809,'1481290',1824,,280,29,,,0
3809,'1481291',1854,,281,29,,,0
3809,'1481292',1924,,282,29,,,0
7600009,'1442746',1007,,364,14,0,14,0
7600009,'1442836',1137,,365,14,0,14,0
7600009,'1442868',1237,,366,14,0,14,0
7600009,'1442936',1437,,367,14,0,14,0
7600009,'1442948',1307,,368,14,0,14,0
7600009,'1442960',1107,,369,14,0,14,0
7600009,'1443166',1507,,370,14,0,14,0
7600009,'1443237',1607,,371,14,0,14,0
7600009,'1443568',1637,,372,14,0,14,0
7600009,'1443930',1707,,373,14,0,14,0
7600009,'1444078',1207,,374,14,0,14,0
7600009,'1444147',1737,,375,14,0,14,0
7600009,'1444253',1037,,376,14,0,14,0
7600009,'1444707',1537,,377,14,0,14,0
