509,'1442650',1108,,1,7,,,0
509,'1442688',1008,,2,7,,,0
509,'1442690',908,,3,7,,,0
509,'1442938',1708,,4,7,,,0
509,'1443029',1608,,5,7,,,0
509,'1443081',808,,6,7,,,0
509,'1443286',1208,,7,7,,,0
509,'1443417',1808,,8,7,,,0
509,'1443735',1408,,9,7,,,0
509,'1443904',1508,,10,7,,,0
509,'1443973',708,,11,7,,,0
509,'1444646',1308,,12,7,,,0
509,'1468946',708,,13,7,,,0
509,'1468947',808,,14,7,,,0
509,'1468948',908,,15,7,,,0
509,'1468949',1008,,16,7,,,0
509,'1468950',1108,,17,7,,,0
509,'1468951',1208,,18,7,,,0
509,'1468952',1308,,19,7,,,0
509,'1468953',1408,,20,7,,,0
509,'1468954',1508,,21,7,,,0
509,'1468955',1608,,22,7,,,0
509,'1468956',1708,,23,7,,,0
509,'1468957',1808,,24,7,,,0
90109,'1481215',2236,,303,8,0,11 12,0
90109,'1481216',2136,,304,8,0,11 12,0
90109,'1481217',2036,,305,8,0,11 12,0
90109,'1481218',1936,,306,8,0,11 12,0
90109,'1481231',836,,318,8,0,11 12,0
90109,'1481232',936,,319,8,0,11 12,0
90109,'1481233',1036,,320,8,0,11 12,0
90109,'1481234',1136,,321,8,0,11 12,0
90109,'1481235',1236,,322,8,0,11 12,0
90109,'1481236',1336,,323,8,0,11 12,0
90109,'1481237',1436,,324,8,0,11 12,0
90109,'1481238',1536,,325,8,0,11 12,0
90109,'1481239',1636,,326,8,0,11 12,0
90109,'1481240',1736,,327,8,0,11 12,0
90109,'1481300',2236,,332,8,0,11 12,0
90109,'1481301',2136,,333,8,0,11 12,0
90109,'1481302',2036,,334,8,0,11 12,0
90109,'1481303',1936,,335,8,0,11 12,0
