3209,'1442596',1804,,141,5,,,0
3209,'1442687',934,,142,5,,,0
3209,'1442754',634,,143,5,,,0
3209,'1442760',1404,,144,5,,,0
3209,'1442882',1734,,145,5,,,0
3209,'1442921',1334,,146,5,,,0
3209,'1442945',1534,,147,5,,,0
3209,'1443019',1034,,148,5,,,0
3209,'1443027',1734,,149,5,,,0
3209,'1443032',1134,,150,5,,,0
3209,'1443124',1004,,151,5,,,0
3209,'1443173',1704,,152,5,,,0
3209,'1443223',834,,153,5,,,0
3209,'1443230',734,,154,5,,,0
3209,'1443346',1204,,155,5,,,0
3209,'1443371',1634,,156,5,,,0
3209,'1443418',634,,157,5,,,0
3209,'1443451',1834,,158,5,,,0
3209,'1443460',1504,,159,5,,,0
3209,'1443559',1334,,160,5,,,0
3209,'1443566',1434,,161,5,,,0
3209,'1443666',934,,162,5,,,0
3209,'1443678',1434,,163,5,,,0
3209,'1443693',904,,164,5,,,0
3209,'1443729',1104,,165,5,,,0
3209,'1443750',1234,,166,5,,,0
3209,'1443756',704,,167,5,,,0
3209,'1443859',834,,168,5,,,0
3209,'1443893',1834,,169,5,,,0
3209,'1444067',1134,,170,5,,,0
3209,'1444076',734,,171,5,,,0
3209,'1444125',1304,,172,5,,,0
3209,'1444263',1034,,173,5,,,0
3209,'1444410',1604,,174,5,,,0
3209,'1444513',1234,,175,5,,,0
3209,'1444517',804,,176,5,,,0
3209,'1444645',1634,,177,5,,,0
3209,'1444700',1534,,178,5,,,0
90209,'1442632',2233,,337,5,0,9 10,0
90209,'1442824',2233,,338,5,0,9 10,0
90209,'1442866',1233,,339,5,0,9 10,0
90209,'1443008',1133,,340,5,0,9 10,0
90209,'1443149',1533,,341,5,0,9 10,0
90209,'1443169',2033,,342,5,0,9 10,0
90209,'1443298',2033,,344,5,0,9 10,0
90209,'1443323',1633,,345,5,0,9 10,0
90209,'1443365',1033,,347,5,0,9 10,0
90209,'1443389',1933,,348,5,0,9 10,0
90209,'1443612',2133,,349,5,0,9 10,0
90209,'1443718',1333,,351,5,0,9 10,0
90209,'1443721',2133,,352,5,0,9 10,0
90209,'1443889',1933,,355,5,0,9 10,0
90209,'1444136',933,,356,5,0,9 10,0
