3709,'1481156',630,,179,1,,,0,93,,179,64,4,,0
3709,'1481157',700,,180,1,,,0,53,,180,64,4,,0
3709,'1481158',730,,181,1,,,0,93,,181,64,4,,0
3709,'1481159',800,,182,1,,,0,53,,182,64,4,,0
3709,'1481160',830,,183,1,,,0,93,,183,64,4,,0
3709,'1481161',900,,184,1,,,0,53,,184,64,4,,0
3709,'1481162',930,,185,1,,,0,93,,185,64,4,,0
3709,'1481163',1000,,186,1,,,0,53,,186,64,4,,0
3709,'1481164',1030,,187,1,,,0,93,,187,64,4,,0
3709,'1481165',1100,,188,1,,,0,53,,188,64,4,,0
3709,'1481166',1130,,189,1,,,0,93,,189,64,4,,0
3709,'1481167',1200,,190,1,,,0,53,,190,64,4,,0
3709,'1481168',1230,,191,1,,,0,93,,191,64,4,,0
3709,'1481169',1300,,192,1,,,0,53,,192,64,4,,0
3709,'1481170',1330,,193,1,,,0,93,,193,64,4,,0
3709,'1481171',1400,,194,1,,,0,53,,194,64,4,,0
3709,'1481172',1430,,195,1,,,0,93,,195,64,4,,0
3709,'1481173',1500,,196,1,,,0,53,,196,64,4,,0
3709,'1481174',1530,,197,1,,,0,93,,197,64,4,,0
3709,'1481175',1600,,198,1,,,0,53,,198,64,4,,0
3709,'1481176',1630,,199,1,,,0,93,,199,64,4,,0
3709,'1481177',1700,,200,1,,,0,53,,200,64,4,,0
3709,'1481178',1730,,201,1,,,0,93,,201,64,4,,0
3709,'1481179',1800,,202,1,,,0,53,,202,64,4,,0
3709,'1481180',1830,,203,1,,,0,93,,203,64,4,,0
3709,'1481181',1900,,204,1,,,0,53,,204,64,4,,0
3709,'1481241',630,,205,1,,,0,96,,205,64,4,,0
3709,'1481242',700,,206,1,,,0,56,,206,64,4,,0
3709,'1481243',730,,207,1,,,0,96,,207,64,4,,0
3709,'1481244',800,,208,1,,,0,56,,208,64,4,,0
3709,'1481245',830,,209,1,,,0,96,,209,64,4,,0
3709,'1481246',900,,210,1,,,0,56,,210,64,4,,0
3709,'1481247',930,,211,1,,,0,96,,211,64,4,,0
3709,'1481248',1000,,212,1,,,0,56,,212,64,4,,0
3709,'1481249',1030,,213,1,,,0,96,,213,64,4,,0
3709,'1481250',1100,,214,1,,,0,56,,214,64,4,,0
3709,'1481251',1130,,215,1,,,0,96,,215,64,4,,0
3709,'1481252',1200,,216,1,,,0,56,,216,64,4,,0
3709,'1481253',1230,,217,1,,,0,96,,217,64,4,,0
3709,'1481254',1300,,218,1,,,0,56,,218,64,4,,0
3709,'1481255',1330,,219,1,,,0,96,,219,64,4,,0
3709,'1481256',1400,,220,1,,,0,56,,220,64,4,,0
3709,'1481257',1430,,221,1,,,0,96,,221,64,4,,0
3709,'1481258',1500,,222,1,,,0,56,,222,64,4,,0
3709,'1481259',1530,,223,1,,,0,96,,223,64,4,,0
3709,'1481260',1600,,224,1,,,0,56,,224,64,4,,0
3709,'1481261',1630,,225,1,,,0,96,,225,64,4,,0
3709,'1481262',1700,,226,1,,,0,56,,226,64,4,,0
3709,'1481263',1730,,227,1,,,0,96,,227,64,4,,0
3709,'1481264',1800,,228,1,,,0,56,,228,64,4,,0
3709,'1481265',1830,,229,1,,,0,96,,229,64,4,,0
3709,'1481266',1900,,230,1,,,0,56,,230,64,4,,0
