37019,'1481156',708,,179,49,,,0
37019,'1481157',738,,180,49,,,0
37019,'1481158',808,,181,49,,,0
37019,'1481159',838,,182,49,,,0
37019,'1481160',908,,183,49,,,0
37019,'1481161',938,,184,49,,,0
37019,'1481162',1008,,185,49,,,0
37019,'1481163',1038,,186,49,,,0
37019,'1481164',1108,,187,49,,,0
37019,'1481165',1138,,188,49,,,0
37019,'1481166',1208,,189,49,,,0
37019,'1481167',1238,,190,49,,,0
37019,'1481168',1308,,191,49,,,0
37019,'1481169',1338,,192,49,,,0
37019,'1481170',1408,,193,49,,,0
37019,'1481171',1438,,194,49,,,0
37019,'1481172',1508,,195,49,,,0
37019,'1481173',1538,,196,49,,,0
37019,'1481174',1608,,197,49,,,0
37019,'1481175',1638,,198,49,,,0
37019,'1481176',1708,,199,49,,,0
37019,'1481177',1738,,200,49,,,0
37019,'1481178',1808,,201,49,,,0
37019,'1481179',1838,,202,49,,,0
37019,'1481180',1908,,203,49,,,0
37019,'1481181',1938,,204,49,,,0
37019,'1481241',710,,205,49,,,0
37019,'1481242',740,,206,49,,,0
37019,'1481243',810,,207,49,,,0
37019,'1481244',840,,208,49,,,0
37019,'1481245',910,,209,49,,,0
37019,'1481246',940,,210,49,,,0
37019,'1481247',1010,,211,49,,,0
37019,'1481248',1040,,212,49,,,0
37019,'1481249',1110,,213,49,,,0
37019,'1481250',1140,,214,49,,,0
37019,'1481251',1210,,215,49,,,0
37019,'1481252',1240,,216,49,,,0
37019,'1481253',1310,,217,49,,,0
37019,'1481254',1340,,218,49,,,0
37019,'1481255',1410,,219,49,,,0
37019,'1481256',1440,,220,49,,,0
37019,'1481257',1510,,221,49,,,0
37019,'1481258',1540,,222,49,,,0
37019,'1481259',1610,,223,49,,,0
37019,'1481260',1640,,224,49,,,0
37019,'1481261',1710,,225,49,,,0
37019,'1481262',1740,,226,49,,,0
37019,'1481263',1810,,227,49,,,0
37019,'1481264',1840,,228,49,,,0
37019,'1481265',1910,,229,49,,,0
37019,'1481266',1940,,230,49,,,0
901029,'1481215',2308,,303,44,,,0
901029,'1481216',2208,,304,44,,,0
901029,'1481217',2108,,305,44,,,0
901029,'1481218',2008,,306,44,,,0
901029,'1481231',908,,318,44,,,0
901029,'1481232',1008,,319,44,,,0
901029,'1481233',1108,,320,44,,,0
901029,'1481234',1208,,321,44,,,0
901029,'1481235',1308,,322,44,,,0
901029,'1481236',1408,,323,44,,,0
901029,'1481237',1508,,324,44,,,0
901029,'1481238',1608,,325,44,,,0
901029,'1481239',1708,,326,44,,,0
901029,'1481240',1808,,327,44,,,0
901029,'1481300',2311,,332,44,,,0
901029,'1481301',2211,,333,44,,,0
901029,'1481302',2111,,334,44,,,0
901029,'1481303',2011,,335,44,,,0
