3209,'1442596',1821,,141,35,,,0
3209,'1442687',951,,142,35,,,0
3209,'1442754',651,,143,35,,,0
3209,'1442760',1421,,144,35,,,0
3209,'1442882',1751,,145,35,,,0
3209,'1442921',1351,,146,35,,,0
3209,'1442945',1551,,147,35,,,0
3209,'1443019',1051,,148,35,,,0
3209,'1443027',1751,,149,35,,,0
3209,'1443032',1151,,150,35,,,0
3209,'1443124',1021,,151,35,,,0
3209,'1443173',1721,,152,35,,,0
3209,'1443223',851,,153,35,,,0
3209,'1443230',751,,154,35,,,0
3209,'1443346',1221,,155,35,,,0
3209,'1443371',1651,,156,35,,,0
3209,'1443418',651,,157,35,,,0
3209,'1443451',1851,,158,35,,,0
3209,'1443460',1521,,159,35,,,0
3209,'1443559',1351,,160,35,,,0
3209,'1443566',1451,,161,35,,,0
3209,'1443666',951,,162,35,,,0
3209,'1443678',1451,,163,35,,,0
3209,'1443693',921,,164,35,,,0
3209,'1443729',1121,,165,35,,,0
3209,'1443750',1251,,166,35,,,0
3209,'1443756',721,,167,35,,,0
3209,'1443859',851,,168,35,,,0
3209,'1443893',1851,,169,35,,,0
3209,'1444067',1151,,170,35,,,0
3209,'1444076',751,,171,35,,,0
3209,'1444125',1321,,172,35,,,0
3209,'1444263',1051,,173,35,,,0
3209,'1444410',1621,,174,35,,,0
3209,'1444513',1251,,175,35,,,0
3209,'1444517',821,,176,35,,,0
3209,'1444645',1651,,177,35,,,0
3209,'1444700',1551,,178,35,,,0
90209,'1442632',2249,,337,35,0,9 10,0
90209,'1442824',2249,,338,35,0,9 10,0
90209,'1442866',1249,,339,35,0,9 10,0
90209,'1443008',1149,,340,35,0,9 10,0
90209,'1443149',1549,,341,35,0,9 10,0
90209,'1443169',2049,,342,35,0,9 10,0
90209,'1443298',2049,,344,35,0,9 10,0
90209,'1443323',1649,,345,35,0,9 10,0
90209,'1443365',1049,,347,35,0,9 10,0
90209,'1443389',1949,,348,35,0,9 10,0
90209,'1443612',2149,,349,35,0,9 10,0
90209,'1443718',1349,,351,35,0,9 10,0
90209,'1443721',2149,,352,35,0,9 10,0
90209,'1443889',1949,,355,35,0,9 10,0
90209,'1444136',949,,356,35,0,9 10,0
