16019,'1442759',1210,,63,43,0,5,0
16019,'1442908',1710,,64,43,0,5,0
16019,'1443382',1610,,65,43,0,5,0
16019,'1443639',1010,,66,43,0,5,0
16019,'1443689',1910,,67,43,0,5,0
16019,'1443695',1110,,68,43,0,5,0
16019,'1443794',1310,,69,43,0,5,0
16019,'1443910',1510,,70,43,0,5,0
16019,'1443990',1410,,71,43,0,5,0
16019,'1444348',1810,,72,43,0,5,0
16019,'1444457',910,,73,43,0,5,0
16019,'1444527',810,,74,43,0,5,0
16019,'1444699',710,,75,43,0,5,0
16019,'1471644',710,,76,45,0,6 7,0
16019,'1471645',810,,77,45,0,6 7,0
16019,'1471646',910,,78,45,0,6 7,0
16019,'1471647',1010,,79,45,0,6 7,0
16019,'1471648',1110,,80,45,0,6 7,0
16019,'1471649',1210,,81,45,0,6 7,0
16019,'1471650',1310,,82,45,0,6 7,0
16019,'1471651',1410,,83,45,0,6 7,0
16019,'1471652',1510,,84,45,0,6 7,0
16019,'1471653',1610,,85,45,0,6 7,0
16019,'1471654',1710,,86,45,0,6 7,0
16019,'1471655',1810,,87,45,0,6 7,0
16019,'1471656',1910,,88,45,0,6 7,0
16019,'1471657',740,,89,45,0,6 7,0
16019,'1471658',840,,90,45,0,6 7,0
16019,'1471659',940,,91,45,0,6 7,0
16019,'1471660',1140,,92,46,0,8,0
16019,'1471661',1640,,93,45,0,6 7,0
16019,'1471662',1240,,94,46,0,8,0
16019,'1471663',1340,,95,46,0,8,0
16019,'1471664',1740,,96,45,0,6 7,0
16019,'1471665',1840,,97,45,0,6 7,0
16019,'1471666',1040,,98,46,0,8,0
16019,'1471667',1540,,99,45,0,6 7,0
16019,'1471668',1440,,100,46,0,8,0
901019,'1481211',2304,,299,43,,,0
901019,'1481212',2004,,300,43,,,0
901019,'1481213',2104,,301,43,,,0
901019,'1481214',2204,,302,43,,,0
901019,'1481220',904,,307,43,,,0
901019,'1481221',1004,,308,43,,,0
901019,'1481222',1104,,309,43,,,0
901019,'1481223',1204,,310,43,,,0
901019,'1481224',1304,,311,43,,,0
901019,'1481225',1404,,312,43,,,0
901019,'1481226',1504,,313,43,,,0
901019,'1481227',1604,,314,43,,,0
901019,'1481228',1704,,315,43,,,0
901019,'1481229',1804,,316,43,,,0
901019,'1481230',1904,,317,43,,,0
901019,'1481296',2310,,328,43,,,0
901019,'1481297',2010,,329,43,,,0
901019,'1481298',2110,,330,43,,,0
901019,'1481299',2210,,331,43,,,0
