3109,'1442657',1321,,102,33,,,0
3109,'1442704',1755,,103,33,,,0
3109,'1442731',1121,,104,33,,,0
3109,'1442816',1055,,105,33,,,0
3109,'1442926',821,,106,33,,,0
3109,'1442939',825,,107,33,,,0
3109,'1442988',925,,108,33,,,0
3109,'1443001',1525,,109,33,,,0
3109,'1443020',1021,,110,33,,,0
3109,'1443042',955,,111,33,,,0
3109,'1443050',1325,,112,33,,,0
3109,'1443073',1521,,113,33,,,0
3109,'1443135',1425,,114,33,,,0
3109,'1443141',1555,,115,33,,,0
3109,'1443144',1155,,116,33,,,0
3109,'1443163',1225,,117,33,,,0
3109,'1443412',1455,,118,33,,,0
3109,'1443419',1355,,119,33,,,0
3109,'1443472',1255,,120,33,,,0
3109,'1443548',1421,,121,33,,,0
3109,'1443737',1821,,122,33,,,0
3109,'1443781',1855,,123,33,,,0
3109,'1443831',1825,,124,33,,,0
3109,'1443867',1221,,125,33,,,0
3109,'1443869',1025,,126,33,,,0
3109,'1443890',721,,127,33,,,0
3109,'1443895',725,,128,33,,,0
3109,'1444017',1925,,129,33,,,0
3109,'1444043',921,,130,33,,,0
3109,'1444183',1625,,131,33,,,0
3109,'1444283',1621,,132,33,,,0
3109,'1444351',1125,,133,33,,,0
3109,'1444464',1721,,134,33,,,0
3109,'1444532',855,,135,33,,,0
3109,'1444569',1655,,136,33,,,0
3109,'1444582',755,,137,33,,,0
3109,'1444595',655,,138,33,,,0
3109,'1444704',1921,,139,33,,,0
3109,'1444711',1725,,140,33,,,0
90209,'1442623',2023,,336,28,0,13,0
90209,'1443277',2123,,343,28,0,13,0
90209,'1443327',2223,,346,28,0,13,0
90209,'1443696',2023,,350,28,0,13,0
90209,'1443801',1523,,353,28,0,13,0
90209,'1443882',1723,,354,28,0,13,0
90209,'1444181',1323,,357,28,0,13,0
90209,'1444215',2223,,358,28,0,13,0
90209,'1444222',1223,,359,28,0,13,0
90209,'1444364',1623,,360,28,0,13,0
90209,'1444425',1123,,361,28,0,13,0
90209,'1444479',2123,,362,28,0,13,0
90209,'1444524',1023,,363,28,0,13,0
