31019,'1442657',1309,,102,15,,,0,11,,102,31,,,0
31019,'1442704',1739,,103,15,,,0,15,,103,31,,,0
31019,'1442731',1109,,104,15,,,0,11,,104,31,,,0
31019,'1442816',1039,,105,15,,,0,15,,105,31,,,0
31019,'1442926',809,,106,15,,,0,11,,106,31,,,0
31019,'1442939',809,,107,15,,,0,15,,107,31,,,0
31019,'1442988',909,,108,15,,,0,15,,108,31,,,0
31019,'1443001',1509,,109,15,,,0,15,,109,31,,,0
31019,'1443020',1009,,110,15,,,0,11,,110,31,,,0
31019,'1443042',939,,111,15,,,0,15,,111,31,,,0
31019,'1443050',1309,,112,15,,,0,15,,112,31,,,0
31019,'1443073',1509,,113,15,,,0,11,,113,31,,,0
31019,'1443135',1409,,114,15,,,0,15,,114,31,,,0
31019,'1443141',1539,,115,15,,,0,15,,115,31,,,0
31019,'1443144',1139,,116,15,,,0,15,,116,31,,,0
31019,'1443163',1209,,117,15,,,0,15,,117,31,,,0
31019,'1443412',1439,,118,15,,,0,15,,118,31,,,0
31019,'1443419',1339,,119,15,,,0,15,,119,31,,,0
31019,'1443472',1239,,120,15,,,0,15,,120,31,,,0
31019,'1443548',1409,,121,15,,,0,11,,121,31,,,0
31019,'1443737',1809,,122,15,,,0,11,,122,31,,,0
31019,'1443781',1839,,123,15,,,0,15,,123,31,,,0
31019,'1443831',1809,,124,15,,,0,15,,124,31,,,0
31019,'1443867',1209,,125,15,,,0,11,,125,31,,,0
31019,'1443869',1009,,126,15,,,0,15,,126,31,,,0
31019,'1443890',709,,127,15,,,0,11,,127,31,,,0
31019,'1443895',709,,128,15,,,0,15,,128,31,,,0
31019,'1444017',1909,,129,15,,,0,15,,129,31,,,0
31019,'1444043',909,,130,15,,,0,11,,130,31,,,0
31019,'1444183',1609,,131,15,,,0,15,,131,31,,,0
31019,'1444283',1609,,132,15,,,0,11,,132,31,,,0
31019,'1444351',1109,,133,15,,,0,15,,133,31,,,0
31019,'1444464',1709,,134,15,,,0,11,,134,31,,,0
31019,'1444532',839,,135,15,,,0,15,,135,31,,,0
31019,'1444569',1639,,136,15,,,0,15,,136,31,,,0
31019,'1444582',739,,137,15,,,0,15,,137,31,,,0
31019,'1444595',639,,138,15,,,0,15,,138,31,,,0
31019,'1444704',1909,,139,15,,,0,11,,139,31,,,0
31019,'1444711',1709,,140,15,,,0,15,,140,31,,,0
902029,'1442623',2022,,336,26,,,0
902029,'1443277',2122,,343,26,,,0
902029,'1443327',2222,,346,26,,,0
902029,'1443696',2022,,350,26,,,0
902029,'1443801',1522,,353,26,,,0
902029,'1443882',1722,,354,26,,,0
902029,'1444181',1322,,357,26,,,0
902029,'1444215',2222,,358,26,,,0
902029,'1444222',1222,,359,26,,,0
902029,'1444364',1622,,360,26,,,0
902029,'1444425',1122,,361,26,,,0
902029,'1444479',2122,,362,26,,,0
902029,'1444524',1022,,363,26,,,0
