5019,'1442650',1110,,1,9,,,0
5019,'1442688',1010,,2,9,,,0
5019,'1442690',910,,3,9,,,0
5019,'1442938',1710,,4,9,,,0
5019,'1443029',1610,,5,9,,,0
5019,'1443081',810,,6,9,,,0
5019,'1443286',1210,,7,9,,,0
5019,'1443417',1810,,8,9,,,0
5019,'1443735',1410,,9,9,,,0
5019,'1443904',1510,,10,9,,,0
5019,'1443973',710,,11,9,,,0
5019,'1444646',1310,,12,9,,,0
5019,'1468946',710,,13,9,,,0
5019,'1468947',810,,14,9,,,0
5019,'1468948',910,,15,9,,,0
5019,'1468949',1010,,16,9,,,0
5019,'1468950',1110,,17,9,,,0
5019,'1468951',1210,,18,9,,,0
5019,'1468952',1310,,19,9,,,0
5019,'1468953',1410,,20,9,,,0
5019,'1468954',1510,,21,9,,,0
5019,'1468955',1610,,22,9,,,0
5019,'1468956',1710,,23,9,,,0
5019,'1468957',1810,,24,9,,,0
901029,'1481215',2237,,303,10,,,0
901029,'1481216',2137,,304,10,,,0
901029,'1481217',2037,,305,10,,,0
901029,'1481218',1937,,306,10,,,0
901029,'1481231',837,,318,10,,,0
901029,'1481232',937,,319,10,,,0
901029,'1481233',1037,,320,10,,,0
901029,'1481234',1137,,321,10,,,0
901029,'1481235',1237,,322,10,,,0
901029,'1481236',1337,,323,10,,,0
901029,'1481237',1437,,324,10,,,0
901029,'1481238',1537,,325,10,,,0
901029,'1481239',1637,,326,10,,,0
901029,'1481240',1737,,327,10,,,0
901029,'1481300',2237,,332,10,,,0
901029,'1481301',2137,,333,10,,,0
901029,'1481302',2037,,334,10,,,0
901029,'1481303',1937,,335,10,,,0
