609,'1481208',2221,,25,31,,,0
609,'1481209',2121,,26,31,,,0
609,'1481210',2021,,27,31,,,0
609,'1481293',2221,,28,31,,,0
609,'1481294',2121,,29,31,,,0
609,'1481295',2021,,30,31,,,0
709,'1442686',2149,,31,35,,,0
709,'1443170',2049,,32,35,,,0
709,'1443421',2053,,33,35,,,0
709,'1444160',1953,,34,35,,,0
709,'1444518',1949,,35,35,,,0
709,'1444604',2153,,36,35,,,0
3709,'1481156',718,,179,62,,,0
3709,'1481157',748,,180,62,,,0
3709,'1481158',818,,181,62,,,0
3709,'1481159',848,,182,62,,,0
3709,'1481160',918,,183,62,,,0
3709,'1481161',948,,184,62,,,0
3709,'1481162',1018,,185,62,,,0
3709,'1481163',1048,,186,62,,,0
3709,'1481164',1118,,187,62,,,0
3709,'1481165',1148,,188,62,,,0
3709,'1481166',1218,,189,62,,,0
3709,'1481167',1248,,190,62,,,0
3709,'1481168',1318,,191,62,,,0
3709,'1481169',1348,,192,62,,,0
3709,'1481170',1418,,193,62,,,0
3709,'1481171',1448,,194,62,,,0
3709,'1481172',1518,,195,62,,,0
3709,'1481173',1548,,196,62,,,0
3709,'1481174',1618,,197,62,,,0
3709,'1481175',1648,,198,62,,,0
3709,'1481176',1718,,199,62,,,0
3709,'1481177',1748,,200,62,,,0
3709,'1481178',1818,,201,62,,,0
3709,'1481179',1848,,202,62,,,0
3709,'1481180',1918,,203,62,,,0
3709,'1481181',1948,,204,62,,,0
3709,'1481241',721,,205,62,,,0
3709,'1481242',751,,206,62,,,0
3709,'1481243',821,,207,62,,,0
3709,'1481244',851,,208,62,,,0
3709,'1481245',921,,209,62,,,0
3709,'1481246',951,,210,62,,,0
3709,'1481247',1021,,211,62,,,0
3709,'1481248',1051,,212,62,,,0
3709,'1481249',1121,,213,62,,,0
3709,'1481250',1151,,214,62,,,0
3709,'1481251',1221,,215,62,,,0
3709,'1481252',1251,,216,62,,,0
3709,'1481253',1321,,217,62,,,0
3709,'1481254',1351,,218,62,,,0
3709,'1481255',1421,,219,62,,,0
3709,'1481256',1451,,220,62,,,0
3709,'1481257',1521,,221,62,,,0
3709,'1481258',1551,,222,62,,,0
3709,'1481259',1621,,223,62,,,0
3709,'1481260',1651,,224,62,,,0
3709,'1481261',1721,,225,62,,,0
3709,'1481262',1751,,226,62,,,0
3709,'1481263',1821,,227,62,,,0
3709,'1481264',1851,,228,62,,,0
3709,'1481265',1921,,229,62,,,0
3709,'1481266',1951,,230,62,,,0
3809,'1481182',717,,231,59,,,0
3809,'1481183',747,,232,59,,,0
3809,'1481184',817,,233,59,,,0
3809,'1481185',847,,234,59,,,0
3809,'1481186',917,,235,59,,,0
3809,'1481187',947,,236,59,,,0
3809,'1481188',1017,,237,59,,,0
3809,'1481189',1047,,238,59,,,0
3809,'1481190',1117,,239,59,,,0
3809,'1481191',1147,,240,59,,,0
3809,'1481192',1217,,241,59,,,0
3809,'1481193',1247,,242,59,,,0
3809,'1481194',1317,,243,59,,,0
3809,'1481195',1347,,244,59,,,0
3809,'1481196',1417,,245,59,,,0
3809,'1481197',1447,,246,59,,,0
3809,'1481198',1517,,247,59,,,0
3809,'1481199',1547,,248,59,,,0
3809,'1481200',1617,,249,59,,,0
3809,'1481201',1647,,250,59,,,0
3809,'1481202',1717,,251,59,,,0
3809,'1481203',1747,,252,59,,,0
3809,'1481204',1817,,253,59,,,0
3809,'1481205',1847,,254,59,,,0
3809,'1481206',1917,,255,59,,,0
3809,'1481207',1947,,256,59,,,0
3809,'1481267',717,,257,59,,,0
3809,'1481268',747,,258,59,,,0
3809,'1481269',817,,259,59,,,0
3809,'1481270',847,,260,59,,,0
3809,'1481271',917,,261,59,,,0
3809,'1481272',947,,262,59,,,0
3809,'1481273',1017,,263,59,,,0
3809,'1481274',1047,,264,59,,,0
3809,'1481275',1117,,265,59,,,0
3809,'1481276',1147,,266,59,,,0
3809,'1481277',1217,,267,59,,,0
3809,'1481278',1247,,268,59,,,0
3809,'1481279',1317,,269,59,,,0
3809,'1481280',1347,,270,59,,,0
3809,'1481281',1417,,271,59,,,0
3809,'1481282',1447,,272,59,,,0
3809,'1481283',1517,,273,59,,,0
3809,'1481284',1547,,274,59,,,0
3809,'1481285',1617,,275,59,,,0
3809,'1481286',1647,,276,59,,,0
3809,'1481287',1717,,277,59,,,0
3809,'1481288',1747,,278,59,,,0
3809,'1481289',1817,,279,59,,,0
3809,'1481290',1847,,280,59,,,0
3809,'1481291',1921,,281,59,,,0
3809,'1481292',1951,,282,59,,,0
7600009,'1442746',1022,,364,33,,,0
7600009,'1442836',1152,,365,33,,,0
7600009,'1442868',1252,,366,33,,,0
7600009,'1442936',1452,,367,33,,,0
7600009,'1442948',1322,,368,33,,,0
7600009,'1442960',1122,,369,33,,,0
7600009,'1443166',1522,,370,33,,,0
7600009,'1443237',1622,,371,33,,,0
7600009,'1443568',1652,,372,33,,,0
7600009,'1443930',1722,,373,33,,,0
7600009,'1444078',1222,,374,33,,,0
7600009,'1444147',1752,,375,33,,,0
7600009,'1444253',1052,,376,33,,,0
7600009,'1444707',1552,,377,33,,,0
