1609,'1442759',1203,,63,34,0,5,0
1609,'1442908',1703,,64,34,0,5,0
1609,'1443382',1603,,65,34,0,5,0
1609,'1443639',1003,,66,34,0,5,0
1609,'1443689',1903,,67,34,0,5,0
1609,'1443695',1103,,68,34,0,5,0
1609,'1443794',1303,,69,34,0,5,0
1609,'1443910',1503,,70,34,0,5,0
1609,'1443990',1403,,71,34,0,5,0
1609,'1444348',1803,,72,34,0,5,0
1609,'1444457',903,,73,34,0,5,0
1609,'1444527',803,,74,34,0,5,0
1609,'1444699',703,,75,34,0,5,0
1609,'1471644',703,,76,36,0,6 7,0
1609,'1471645',803,,77,36,0,6 7,0
1609,'1471646',903,,78,36,0,6 7,0
1609,'1471647',1003,,79,36,0,6 7,0
1609,'1471648',1103,,80,36,0,6 7,0
1609,'1471649',1203,,81,36,0,6 7,0
1609,'1471650',1303,,82,36,0,6 7,0
1609,'1471651',1403,,83,36,0,6 7,0
1609,'1471652',1503,,84,36,0,6 7,0
1609,'1471653',1603,,85,36,0,6 7,0
1609,'1471654',1703,,86,36,0,6 7,0
1609,'1471655',1803,,87,36,0,6 7,0
1609,'1471656',1903,,88,36,0,6 7,0
1609,'1471657',733,,89,36,0,6 7,0
1609,'1471658',833,,90,36,0,6 7,0
1609,'1471659',933,,91,36,0,6 7,0
1609,'1471660',1133,,92,37,0,8,0
1609,'1471661',1633,,93,36,0,6 7,0
1609,'1471662',1233,,94,37,0,8,0
1609,'1471663',1333,,95,37,0,8,0
1609,'1471664',1733,,96,36,0,6 7,0
1609,'1471665',1833,,97,36,0,6 7,0
1609,'1471666',1033,,98,37,0,8,0
1609,'1471667',1533,,99,36,0,6 7,0
1609,'1471668',1433,,100,37,0,8,0
90109,'1481211',2256,,299,34,0,6,0
90109,'1481212',1956,,300,34,0,6,0
90109,'1481213',2056,,301,34,0,6,0
90109,'1481214',2156,,302,34,0,6,0
90109,'1481220',856,,307,34,0,6,0
90109,'1481221',956,,308,34,0,6,0
90109,'1481222',1056,,309,34,0,6,0
90109,'1481223',1156,,310,34,0,6,0
90109,'1481224',1256,,311,34,0,6,0
90109,'1481225',1356,,312,34,0,6,0
90109,'1481226',1456,,313,34,0,6,0
90109,'1481227',1556,,314,34,0,6,0
90109,'1481228',1656,,315,34,0,6,0
90109,'1481229',1756,,316,34,0,6,0
90109,'1481230',1856,,317,34,0,6,0
90109,'1481296',2303,,328,34,0,6,0
90109,'1481297',2003,,329,34,0,6,0
90109,'1481298',2103,,330,34,0,6,0
90109,'1481299',2203,,331,34,0,6,0
