609,'1481208',2212,,25,20,,,0
609,'1481209',2112,,26,20,,,0
609,'1481210',2012,,27,20,,,0
609,'1481293',2212,,28,20,,,0
609,'1481294',2112,,29,20,,,0
609,'1481295',2012,,30,20,,,0
3709,'1481156',648,,179,20,,,0
3709,'1481157',718,,180,20,,,0
3709,'1481158',748,,181,20,,,0
3709,'1481159',818,,182,20,,,0
3709,'1481160',848,,183,20,,,0
3709,'1481161',918,,184,20,,,0
3709,'1481162',948,,185,20,,,0
3709,'1481163',1018,,186,20,,,0
3709,'1481164',1048,,187,20,,,0
3709,'1481165',1118,,188,20,,,0
3709,'1481166',1148,,189,20,,,0
3709,'1481167',1218,,190,20,,,0
3709,'1481168',1248,,191,20,,,0
3709,'1481169',1318,,192,20,,,0
3709,'1481170',1348,,193,20,,,0
3709,'1481171',1418,,194,20,,,0
3709,'1481172',1448,,195,20,,,0
3709,'1481173',1518,,196,20,,,0
3709,'1481174',1548,,197,20,,,0
3709,'1481175',1618,,198,20,,,0
3709,'1481176',1648,,199,20,,,0
3709,'1481177',1718,,200,20,,,0
3709,'1481178',1748,,201,20,,,0
3709,'1481179',1818,,202,20,,,0
3709,'1481180',1848,,203,20,,,0
3709,'1481181',1918,,204,20,,,0
3709,'1481241',648,,205,20,,,0
3709,'1481242',718,,206,20,,,0
3709,'1481243',748,,207,20,,,0
3709,'1481244',818,,208,20,,,0
3709,'1481245',848,,209,20,,,0
3709,'1481246',918,,210,20,,,0
3709,'1481247',948,,211,20,,,0
3709,'1481248',1018,,212,20,,,0
3709,'1481249',1048,,213,20,,,0
3709,'1481250',1118,,214,20,,,0
3709,'1481251',1148,,215,20,,,0
3709,'1481252',1218,,216,20,,,0
3709,'1481253',1248,,217,20,,,0
3709,'1481254',1318,,218,20,,,0
3709,'1481255',1348,,219,20,,,0
3709,'1481256',1418,,220,20,,,0
3709,'1481257',1448,,221,20,,,0
3709,'1481258',1518,,222,20,,,0
3709,'1481259',1548,,223,20,,,0
3709,'1481260',1618,,224,20,,,0
3709,'1481261',1648,,225,20,,,0
3709,'1481262',1718,,226,20,,,0
3709,'1481263',1748,,227,20,,,0
3709,'1481264',1818,,228,20,,,0
3709,'1481265',1848,,229,20,,,0
3709,'1481266',1918,,230,20,,,0
3809,'1481182',705,,231,48,,,0
3809,'1481183',735,,232,48,,,0
3809,'1481184',805,,233,48,,,0
3809,'1481185',835,,234,48,,,0
3809,'1481186',905,,235,48,,,0
3809,'1481187',935,,236,48,,,0
3809,'1481188',1005,,237,48,,,0
3809,'1481189',1035,,238,48,,,0
3809,'1481190',1105,,239,48,,,0
3809,'1481191',1135,,240,48,,,0
3809,'1481192',1205,,241,48,,,0
3809,'1481193',1235,,242,48,,,0
3809,'1481194',1305,,243,48,,,0
3809,'1481195',1335,,244,48,,,0
3809,'1481196',1405,,245,48,,,0
3809,'1481197',1435,,246,48,,,0
3809,'1481198',1505,,247,48,,,0
3809,'1481199',1535,,248,48,,,0
3809,'1481200',1605,,249,48,,,0
3809,'1481201',1635,,250,48,,,0
3809,'1481202',1705,,251,48,,,0
3809,'1481203',1735,,252,48,,,0
3809,'1481204',1805,,253,48,,,0
3809,'1481205',1835,,254,48,,,0
3809,'1481206',1905,,255,48,,,0
3809,'1481207',1935,,256,48,,,0
3809,'1481267',705,,257,48,,,0
3809,'1481268',735,,258,48,,,0
3809,'1481269',805,,259,48,,,0
3809,'1481270',835,,260,48,,,0
3809,'1481271',905,,261,48,,,0
3809,'1481272',935,,262,48,,,0
3809,'1481273',1005,,263,48,,,0
3809,'1481274',1035,,264,48,,,0
3809,'1481275',1105,,265,48,,,0
3809,'1481276',1135,,266,48,,,0
3809,'1481277',1205,,267,48,,,0
3809,'1481278',1235,,268,48,,,0
3809,'1481279',1305,,269,48,,,0
3809,'1481280',1335,,270,48,,,0
3809,'1481281',1405,,271,48,,,0
3809,'1481282',1435,,272,48,,,0
3809,'1481283',1505,,273,48,,,0
3809,'1481284',1535,,274,48,,,0
3809,'1481285',1605,,275,48,,,0
3809,'1481286',1635,,276,48,,,0
3809,'1481287',1705,,277,48,,,0
3809,'1481288',1735,,278,48,,,0
3809,'1481289',1805,,279,48,,,0
3809,'1481290',1835,,280,48,,,0
3809,'1481291',1910,,281,48,,,0
3809,'1481292',1940,,282,48,,,0
90109,'1481215',2259,,303,34,0,11 12,0
90109,'1481216',2159,,304,34,0,11 12,0
90109,'1481217',2059,,305,34,0,11 12,0
90109,'1481218',1959,,306,34,0,11 12,0
90109,'1481231',859,,318,34,0,11 12,0
90109,'1481232',959,,319,34,0,11 12,0
90109,'1481233',1059,,320,34,0,11 12,0
90109,'1481234',1159,,321,34,0,11 12,0
90109,'1481235',1259,,322,34,0,11 12,0
90109,'1481236',1359,,323,34,0,11 12,0
90109,'1481237',1459,,324,34,0,11 12,0
90109,'1481238',1559,,325,34,0,11 12,0
90109,'1481239',1659,,326,34,0,11 12,0
90109,'1481240',1759,,327,34,0,11 12,0
90109,'1481300',2259,,332,34,0,11 12,0
90109,'1481301',2159,,333,34,0,11 12,0
90109,'1481302',2059,,334,34,0,11 12,0
90109,'1481303',1959,,335,34,0,11 12,0
