1609,'1442759',1147,,63,19,0,5,0
1609,'1442908',1647,,64,19,0,5,0
1609,'1443382',1547,,65,19,0,5,0
1609,'1443639',947,,66,19,0,5,0
1609,'1443689',1847,,67,19,0,5,0
1609,'1443695',1047,,68,19,0,5,0
1609,'1443794',1247,,69,19,0,5,0
1609,'1443910',1447,,70,19,0,5,0
1609,'1443990',1347,,71,19,0,5,0
1609,'1444348',1747,,72,19,0,5,0
1609,'1444457',847,,73,19,0,5,0
1609,'1444527',747,,74,19,0,5,0
1609,'1444699',647,,75,19,0,5,0
1609,'1471644',647,,76,19,0,6 7,0
1609,'1471645',747,,77,19,0,6 7,0
1609,'1471646',847,,78,19,0,6 7,0
1609,'1471647',947,,79,19,0,6 7,0
1609,'1471648',1047,,80,19,0,6 7,0
1609,'1471649',1147,,81,19,0,6 7,0
1609,'1471650',1247,,82,19,0,6 7,0
1609,'1471651',1347,,83,19,0,6 7,0
1609,'1471652',1447,,84,19,0,6 7,0
1609,'1471653',1547,,85,19,0,6 7,0
1609,'1471654',1647,,86,19,0,6 7,0
1609,'1471655',1747,,87,19,0,6 7,0
1609,'1471656',1847,,88,19,0,6 7,0
1609,'1471657',717,,89,19,0,6 7,0
1609,'1471658',817,,90,19,0,6 7,0
1609,'1471659',917,,91,19,0,6 7,0
1609,'1471660',1117,,92,20,0,8,0
1609,'1471661',1617,,93,19,0,6 7,0
1609,'1471662',1217,,94,20,0,8,0
1609,'1471663',1317,,95,20,0,8,0
1609,'1471664',1717,,96,19,0,6 7,0
1609,'1471665',1817,,97,19,0,6 7,0
1609,'1471666',1017,,98,20,0,8,0
1609,'1471667',1517,,99,19,0,6 7,0
1609,'1471668',1417,,100,20,0,8,0
22209,'1442570',845,,283,2,,,0
22209,'1442649',1708,2,284,2,,,0
22209,'1442739',1508,,285,1,,,0
22209,'1442786',945,,286,2,,,0
22209,'1442958',800,41,287,2,,,0
22209,'1443031',2015,2,288,2,,,0
22209,'1443337',1945,2,289,2,,,0
22209,'1443387',745,,290,2,,,0
22209,'1443677',1538,2,291,2,,,0
22209,'1443849',1638,2,292,2,,,0
22209,'1443865',1608,2,293,2,,,0
22209,'1443871',915,,294,2,,,0
22209,'1443906',1015,,295,2,,,0
22209,'1444101',815,,296,2,,,0
22209,'1444334',900,41,297,2,,,0
22209,'1444568',830,,298,2,,,0
90109,'1481211',2245,,299,19,0,6,0
90109,'1481212',1945,,300,19,0,6,0
90109,'1481213',2045,,301,19,0,6,0
90109,'1481214',2145,,302,19,0,6,0
90109,'1481220',845,,307,19,0,6,0
90109,'1481221',945,,308,19,0,6,0
90109,'1481222',1045,,309,19,0,6,0
90109,'1481223',1145,,310,19,0,6,0
90109,'1481224',1245,,311,19,0,6,0
90109,'1481225',1345,,312,19,0,6,0
90109,'1481226',1445,,313,19,0,6,0
90109,'1481227',1545,,314,19,0,6,0
90109,'1481228',1645,,315,19,0,6,0
90109,'1481229',1745,,316,19,0,6,0
90109,'1481230',1845,,317,19,0,6,0
90109,'1481296',2247,,328,19,0,6,0
90109,'1481297',1947,,329,19,0,6,0
90109,'1481298',2047,,330,19,0,6,0
90109,'1481299',2147,,331,19,0,6,0
