3709,'1481156',711,,179,55,,,0
3709,'1481157',741,,180,55,,,0
3709,'1481158',811,,181,55,,,0
3709,'1481159',841,,182,55,,,0
3709,'1481160',911,,183,55,,,0
3709,'1481161',941,,184,55,,,0
3709,'1481162',1011,,185,55,,,0
3709,'1481163',1041,,186,55,,,0
3709,'1481164',1111,,187,55,,,0
3709,'1481165',1141,,188,55,,,0
3709,'1481166',1211,,189,55,,,0
3709,'1481167',1241,,190,55,,,0
3709,'1481168',1311,,191,55,,,0
3709,'1481169',1341,,192,55,,,0
3709,'1481170',1411,,193,55,,,0
3709,'1481171',1441,,194,55,,,0
3709,'1481172',1511,,195,55,,,0
3709,'1481173',1541,,196,55,,,0
3709,'1481174',1611,,197,55,,,0
3709,'1481175',1641,,198,55,,,0
3709,'1481176',1711,,199,55,,,0
3709,'1481177',1741,,200,55,,,0
3709,'1481178',1811,,201,55,,,0
3709,'1481179',1841,,202,55,,,0
3709,'1481180',1911,,203,55,,,0
3709,'1481181',1941,,204,55,,,0
3709,'1481241',715,,205,55,,,0
3709,'1481242',745,,206,55,,,0
3709,'1481243',815,,207,55,,,0
3709,'1481244',845,,208,55,,,0
3709,'1481245',915,,209,55,,,0
3709,'1481246',945,,210,55,,,0
3709,'1481247',1015,,211,55,,,0
3709,'1481248',1045,,212,55,,,0
3709,'1481249',1115,,213,55,,,0
3709,'1481250',1145,,214,55,,,0
3709,'1481251',1215,,215,55,,,0
3709,'1481252',1245,,216,55,,,0
3709,'1481253',1315,,217,55,,,0
3709,'1481254',1345,,218,55,,,0
3709,'1481255',1415,,219,55,,,0
3709,'1481256',1445,,220,55,,,0
3709,'1481257',1515,,221,55,,,0
3709,'1481258',1545,,222,55,,,0
3709,'1481259',1615,,223,55,,,0
3709,'1481260',1645,,224,55,,,0
3709,'1481261',1715,,225,55,,,0
3709,'1481262',1745,,226,55,,,0
3709,'1481263',1815,,227,55,,,0
3709,'1481264',1845,,228,55,,,0
3709,'1481265',1915,,229,55,,,0
3709,'1481266',1945,,230,55,,,0
90109,'1481215',2314,,303,50,0,11 12,0
90109,'1481216',2214,,304,50,0,11 12,0
90109,'1481217',2114,,305,50,0,11 12,0
90109,'1481218',2014,,306,50,0,11 12,0
90109,'1481231',914,,318,50,0,11 12,0
90109,'1481232',1014,,319,50,0,11 12,0
90109,'1481233',1114,,320,50,0,11 12,0
90109,'1481234',1214,,321,50,0,11 12,0
90109,'1481235',1314,,322,50,0,11 12,0
90109,'1481236',1414,,323,50,0,11 12,0
90109,'1481237',1514,,324,50,0,11 12,0
90109,'1481238',1614,,325,50,0,11 12,0
90109,'1481239',1714,,326,50,0,11 12,0
90109,'1481240',1814,,327,50,0,11 12,0
90109,'1481300',2317,,332,50,0,11 12,0
90109,'1481301',2217,,333,50,0,11 12,0
90109,'1481302',2117,,334,50,0,11 12,0
90109,'1481303',2017,,335,50,0,11 12,0
