5019,'1442650',1119,,1,22,,,0
5019,'1442688',1019,,2,22,,,0
5019,'1442690',919,,3,22,,,0
5019,'1442938',1719,,4,22,,,0
5019,'1443029',1619,,5,22,,,0
5019,'1443081',819,,6,22,,,0
5019,'1443286',1219,,7,22,,,0
5019,'1443417',1819,,8,22,,,0
5019,'1443735',1419,,9,22,,,0
5019,'1443904',1519,,10,22,,,0
5019,'1443973',719,,11,22,,,0
5019,'1444646',1319,,12,22,,,0
5019,'1468946',719,,13,22,,,0
5019,'1468947',819,,14,22,,,0
5019,'1468948',919,,15,22,,,0
5019,'1468949',1019,,16,22,,,0
5019,'1468950',1119,,17,22,,,0
5019,'1468951',1219,,18,22,,,0
5019,'1468952',1319,,19,22,,,0
5019,'1468953',1419,,20,22,,,0
5019,'1468954',1519,,21,22,,,0
5019,'1468955',1619,,22,22,,,0
5019,'1468956',1719,,23,22,,,0
5019,'1468957',1819,,24,22,,,0
