5019,'1442650',1106,,1,6,,,0
5019,'1442688',1006,,2,6,,,0
5019,'1442690',906,,3,6,,,0
5019,'1442938',1706,,4,6,,,0
5019,'1443029',1606,,5,6,,,0
5019,'1443081',806,,6,6,,,0
5019,'1443286',1206,,7,6,,,0
5019,'1443417',1806,,8,6,,,0
5019,'1443735',1406,,9,6,,,0
5019,'1443904',1506,,10,6,,,0
5019,'1443973',706,,11,6,,,0
5019,'1444646',1306,,12,6,,,0
5019,'1468946',706,,13,6,,,0
5019,'1468947',806,,14,6,,,0
5019,'1468948',906,,15,6,,,0
5019,'1468949',1006,,16,6,,,0
5019,'1468950',1106,,17,6,,,0
5019,'1468951',1206,,18,6,,,0
5019,'1468952',1306,,19,6,,,0
5019,'1468953',1406,,20,6,,,0
5019,'1468954',1506,,21,6,,,0
5019,'1468955',1606,,22,6,,,0
5019,'1468956',1706,,23,6,,,0
5019,'1468957',1806,,24,6,,,0
901029,'1481215',2235,,303,7,,,0
901029,'1481216',2135,,304,7,,,0
901029,'1481217',2035,,305,7,,,0
901029,'1481218',1935,,306,7,,,0
901029,'1481231',835,,318,7,,,0
901029,'1481232',935,,319,7,,,0
901029,'1481233',1035,,320,7,,,0
901029,'1481234',1135,,321,7,,,0
901029,'1481235',1235,,322,7,,,0
901029,'1481236',1335,,323,7,,,0
901029,'1481237',1435,,324,7,,,0
901029,'1481238',1535,,325,7,,,0
901029,'1481239',1635,,326,7,,,0
901029,'1481240',1735,,327,7,,,0
901029,'1481300',2235,,332,7,,,0
901029,'1481301',2135,,333,7,,,0
901029,'1481302',2035,,334,7,,,0
901029,'1481303',1935,,335,7,,,0
