609,'1481208',2209,,25,14,,,0
609,'1481209',2109,,26,14,,,0
609,'1481210',2009,,27,14,,,0
609,'1481293',2209,,28,14,,,0
609,'1481294',2109,,29,14,,,0
609,'1481295',2009,,30,14,,,0
3709,'1481156',642,,179,14,,,0
3709,'1481157',712,,180,14,,,0
3709,'1481158',742,,181,14,,,0
3709,'1481159',812,,182,14,,,0
3709,'1481160',842,,183,14,,,0
3709,'1481161',912,,184,14,,,0
3709,'1481162',942,,185,14,,,0
3709,'1481163',1012,,186,14,,,0
3709,'1481164',1042,,187,14,,,0
3709,'1481165',1112,,188,14,,,0
3709,'1481166',1142,,189,14,,,0
3709,'1481167',1212,,190,14,,,0
3709,'1481168',1242,,191,14,,,0
3709,'1481169',1312,,192,14,,,0
3709,'1481170',1342,,193,14,,,0
3709,'1481171',1412,,194,14,,,0
3709,'1481172',1442,,195,14,,,0
3709,'1481173',1512,,196,14,,,0
3709,'1481174',1542,,197,14,,,0
3709,'1481175',1612,,198,14,,,0
3709,'1481176',1642,,199,14,,,0
3709,'1481177',1712,,200,14,,,0
3709,'1481178',1742,,201,14,,,0
3709,'1481179',1812,,202,14,,,0
3709,'1481180',1842,,203,14,,,0
3709,'1481181',1912,,204,14,,,0
3709,'1481241',642,,205,14,,,0
3709,'1481242',712,,206,14,,,0
3709,'1481243',742,,207,14,,,0
3709,'1481244',812,,208,14,,,0
3709,'1481245',842,,209,14,,,0
3709,'1481246',912,,210,14,,,0
3709,'1481247',942,,211,14,,,0
3709,'1481248',1012,,212,14,,,0
3709,'1481249',1042,,213,14,,,0
3709,'1481250',1112,,214,14,,,0
3709,'1481251',1142,,215,14,,,0
3709,'1481252',1212,,216,14,,,0
3709,'1481253',1242,,217,14,,,0
3709,'1481254',1312,,218,14,,,0
3709,'1481255',1342,,219,14,,,0
3709,'1481256',1412,,220,14,,,0
3709,'1481257',1442,,221,14,,,0
3709,'1481258',1512,,222,14,,,0
3709,'1481259',1542,,223,14,,,0
3709,'1481260',1612,,224,14,,,0
3709,'1481261',1642,,225,14,,,0
3709,'1481262',1712,,226,14,,,0
3709,'1481263',1742,,227,14,,,0
3709,'1481264',1812,,228,14,,,0
3709,'1481265',1842,,229,14,,,0
3709,'1481266',1912,,230,14,,,0
3809,'1481182',701,,231,42,,,0
3809,'1481183',731,,232,42,,,0
3809,'1481184',801,,233,42,,,0
3809,'1481185',831,,234,42,,,0
3809,'1481186',901,,235,42,,,0
3809,'1481187',931,,236,42,,,0
3809,'1481188',1001,,237,42,,,0
3809,'1481189',1031,,238,42,,,0
3809,'1481190',1101,,239,42,,,0
3809,'1481191',1131,,240,42,,,0
3809,'1481192',1201,,241,42,,,0
3809,'1481193',1231,,242,42,,,0
3809,'1481194',1301,,243,42,,,0
3809,'1481195',1331,,244,42,,,0
3809,'1481196',1401,,245,42,,,0
3809,'1481197',1431,,246,42,,,0
3809,'1481198',1501,,247,42,,,0
3809,'1481199',1531,,248,42,,,0
3809,'1481200',1601,,249,42,,,0
3809,'1481201',1631,,250,42,,,0
3809,'1481202',1701,,251,42,,,0
3809,'1481203',1731,,252,42,,,0
3809,'1481204',1801,,253,42,,,0
3809,'1481205',1831,,254,42,,,0
3809,'1481206',1901,,255,42,,,0
3809,'1481207',1931,,256,42,,,0
3809,'1481267',701,,257,42,,,0
3809,'1481268',731,,258,42,,,0
3809,'1481269',801,,259,42,,,0
3809,'1481270',831,,260,42,,,0
3809,'1481271',901,,261,42,,,0
3809,'1481272',931,,262,42,,,0
3809,'1481273',1001,,263,42,,,0
3809,'1481274',1031,,264,42,,,0
3809,'1481275',1101,,265,42,,,0
3809,'1481276',1131,,266,42,,,0
3809,'1481277',1201,,267,42,,,0
3809,'1481278',1231,,268,42,,,0
3809,'1481279',1301,,269,42,,,0
3809,'1481280',1331,,270,42,,,0
3809,'1481281',1401,,271,42,,,0
3809,'1481282',1431,,272,42,,,0
3809,'1481283',1501,,273,42,,,0
3809,'1481284',1531,,274,42,,,0
3809,'1481285',1601,,275,42,,,0
3809,'1481286',1631,,276,42,,,0
3809,'1481287',1701,,277,42,,,0
3809,'1481288',1731,,278,42,,,0
3809,'1481289',1801,,279,42,,,0
3809,'1481290',1831,,280,42,,,0
3809,'1481291',1901,,281,42,,,0
3809,'1481292',1931,,282,42,,,0
90109,'1481215',2254,,303,29,0,11 12,0
90109,'1481216',2154,,304,29,0,11 12,0
90109,'1481217',2054,,305,29,0,11 12,0
90109,'1481218',1954,,306,29,0,11 12,0
90109,'1481231',854,,318,29,0,11 12,0
90109,'1481232',954,,319,29,0,11 12,0
90109,'1481233',1054,,320,29,0,11 12,0
90109,'1481234',1154,,321,29,0,11 12,0
90109,'1481235',1254,,322,29,0,11 12,0
90109,'1481236',1354,,323,29,0,11 12,0
90109,'1481237',1454,,324,29,0,11 12,0
90109,'1481238',1554,,325,29,0,11 12,0
90109,'1481239',1654,,326,29,0,11 12,0
90109,'1481240',1754,,327,29,0,11 12,0
90109,'1481300',2254,,332,29,0,11 12,0
90109,'1481301',2154,,333,29,0,11 12,0
90109,'1481302',2054,,334,29,0,11 12,0
90109,'1481303',1954,,335,29,0,11 12,0
7600009,'1442746',1010,,364,21,0,14,0
7600009,'1442836',1140,,365,21,0,14,0
7600009,'1442868',1240,,366,21,0,14,0
7600009,'1442936',1440,,367,21,0,14,0
7600009,'1442948',1310,,368,21,0,14,0
7600009,'1442960',1110,,369,21,0,14,0
7600009,'1443166',1510,,370,21,0,14,0
7600009,'1443237',1610,,371,21,0,14,0
7600009,'1443568',1640,,372,21,0,14,0
7600009,'1443930',1710,,373,21,0,14,0
7600009,'1444078',1210,,374,21,0,14,0
7600009,'1444147',1740,,375,21,0,14,0
7600009,'1444253',1040,,376,21,0,14,0
7600009,'1444707',1540,,377,21,0,14,0
