3809,'1481182',643,,231,16,,,0
3809,'1481183',713,,232,16,,,0
3809,'1481184',743,,233,16,,,0
3809,'1481185',813,,234,16,,,0
3809,'1481186',843,,235,16,,,0
3809,'1481187',913,,236,16,,,0
3809,'1481188',943,,237,16,,,0
3809,'1481189',1013,,238,16,,,0
3809,'1481190',1043,,239,16,,,0
3809,'1481191',1113,,240,16,,,0
3809,'1481192',1143,,241,16,,,0
3809,'1481193',1213,,242,16,,,0
3809,'1481194',1243,,243,16,,,0
3809,'1481195',1313,,244,16,,,0
3809,'1481196',1343,,245,16,,,0
3809,'1481197',1413,,246,16,,,0
3809,'1481198',1443,,247,16,,,0
3809,'1481199',1513,,248,16,,,0
3809,'1481200',1543,,249,16,,,0
3809,'1481201',1613,,250,16,,,0
3809,'1481202',1643,,251,16,,,0
3809,'1481203',1713,,252,16,,,0
3809,'1481204',1743,,253,16,,,0
3809,'1481205',1813,,254,16,,,0
3809,'1481206',1843,,255,16,,,0
3809,'1481207',1913,,256,16,,,0
3809,'1481267',643,,257,16,,,0
3809,'1481268',713,,258,16,,,0
3809,'1481269',743,,259,16,,,0
3809,'1481270',813,,260,16,,,0
3809,'1481271',843,,261,16,,,0
3809,'1481272',913,,262,16,,,0
3809,'1481273',943,,263,16,,,0
3809,'1481274',1013,,264,16,,,0
3809,'1481275',1043,,265,16,,,0
3809,'1481276',1113,,266,16,,,0
3809,'1481277',1143,,267,16,,,0
3809,'1481278',1213,,268,16,,,0
3809,'1481279',1243,,269,16,,,0
3809,'1481280',1313,,270,16,,,0
3809,'1481281',1343,,271,16,,,0
3809,'1481282',1413,,272,16,,,0
3809,'1481283',1443,,273,16,,,0
3809,'1481284',1513,,274,16,,,0
3809,'1481285',1543,,275,16,,,0
3809,'1481286',1613,,276,16,,,0
3809,'1481287',1643,,277,16,,,0
3809,'1481288',1713,,278,16,,,0
3809,'1481289',1743,,279,16,,,0
3809,'1481290',1813,,280,16,,,0
3809,'1481291',1843,,281,16,,,0
3809,'1481292',1913,,282,16,,,0
90109,'1481215',2242,,303,18,0,11 12,0
90109,'1481216',2142,,304,18,0,11 12,0
90109,'1481217',2042,,305,18,0,11 12,0
90109,'1481218',1942,,306,18,0,11 12,0
90109,'1481231',842,,318,18,0,11 12,0
90109,'1481232',942,,319,18,0,11 12,0
90109,'1481233',1042,,320,18,0,11 12,0
90109,'1481234',1142,,321,18,0,11 12,0
90109,'1481235',1242,,322,18,0,11 12,0
90109,'1481236',1342,,323,18,0,11 12,0
90109,'1481237',1442,,324,18,0,11 12,0
90109,'1481238',1542,,325,18,0,11 12,0
90109,'1481239',1642,,326,18,0,11 12,0
90109,'1481240',1742,,327,18,0,11 12,0
90109,'1481300',2242,,332,18,0,11 12,0
90109,'1481301',2142,,333,18,0,11 12,0
90109,'1481302',2042,,334,18,0,11 12,0
90109,'1481303',1942,,335,18,0,11 12,0
