6019,'1481208',2217,,25,27,,,0
6019,'1481209',2117,,26,27,,,0
6019,'1481210',2017,,27,27,,,0
6019,'1481293',2217,,28,27,,,0
6019,'1481294',2117,,29,27,,,0
6019,'1481295',2017,,30,27,,,0
38019,'1481182',714,,231,55,,,0
38019,'1481183',744,,232,55,,,0
38019,'1481184',814,,233,55,,,0
38019,'1481185',844,,234,55,,,0
38019,'1481186',914,,235,55,,,0
38019,'1481187',944,,236,55,,,0
38019,'1481188',1014,,237,55,,,0
38019,'1481189',1044,,238,55,,,0
38019,'1481190',1114,,239,55,,,0
38019,'1481191',1144,,240,55,,,0
38019,'1481192',1214,,241,55,,,0
38019,'1481193',1244,,242,55,,,0
38019,'1481194',1314,,243,55,,,0
38019,'1481195',1344,,244,55,,,0
38019,'1481196',1414,,245,55,,,0
38019,'1481197',1444,,246,55,,,0
38019,'1481198',1514,,247,55,,,0
38019,'1481199',1544,,248,55,,,0
38019,'1481200',1614,,249,55,,,0
38019,'1481201',1644,,250,55,,,0
38019,'1481202',1714,,251,55,,,0
38019,'1481203',1744,,252,55,,,0
38019,'1481204',1814,,253,55,,,0
38019,'1481205',1844,,254,55,,,0
38019,'1481206',1914,,255,55,,,0
38019,'1481207',1944,,256,55,,,0
38019,'1481267',714,,257,55,,,0
38019,'1481268',744,,258,55,,,0
38019,'1481269',814,,259,55,,,0
38019,'1481270',844,,260,55,,,0
38019,'1481271',914,,261,55,,,0
38019,'1481272',944,,262,55,,,0
38019,'1481273',1014,,263,55,,,0
38019,'1481274',1044,,264,55,,,0
38019,'1481275',1114,,265,55,,,0
38019,'1481276',1144,,266,55,,,0
38019,'1481277',1214,,267,55,,,0
38019,'1481278',1244,,268,55,,,0
38019,'1481279',1314,,269,55,,,0
38019,'1481280',1344,,270,55,,,0
38019,'1481281',1414,,271,55,,,0
38019,'1481282',1444,,272,55,,,0
38019,'1481283',1514,,273,55,,,0
38019,'1481284',1544,,274,55,,,0
38019,'1481285',1614,,275,55,,,0
38019,'1481286',1644,,276,55,,,0
38019,'1481287',1714,,277,55,,,0
38019,'1481288',1744,,278,55,,,0
38019,'1481289',1814,,279,55,,,0
38019,'1481290',1844,,280,55,,,0
38019,'1481291',1917,,281,55,,,0
38019,'1481292',1947,,282,55,,,0
76000019,'1442746',1017,,364,29,,,0
76000019,'1442836',1147,,365,29,,,0
76000019,'1442868',1247,,366,29,,,0
76000019,'1442936',1447,,367,29,,,0
76000019,'1442948',1317,,368,29,,,0
76000019,'1442960',1117,,369,29,,,0
76000019,'1443166',1517,,370,29,,,0
76000019,'1443237',1617,,371,29,,,0
76000019,'1443568',1647,,372,29,,,0
76000019,'1443930',1717,,373,29,,,0
76000019,'1444078',1217,,374,29,,,0
76000019,'1444147',1747,,375,29,,,0
76000019,'1444253',1047,,376,29,,,0
76000019,'1444707',1547,,377,29,,,0
