909,'1442574',1345,,37,25,,,0
909,'1442601',1445,,38,25,,,0
909,'1442683',1245,,39,25,,,0
909,'1442720',745,,40,25,,,0
909,'1442725',1345,,41,25,,,0
909,'1442740',1545,,42,25,,,0
909,'1442981',1545,,43,25,,,0
909,'1443060',1045,,44,25,,,0
909,'1443114',845,,45,25,,,0
909,'1443507',745,,46,25,,,0
909,'1443572',1845,,47,25,,,0
909,'1443665',845,,48,25,,,0
909,'1443760',1445,,49,25,,,0
909,'1444093',945,,50,25,,,0
909,'1444114',1645,,51,25,,,0
909,'1444140',1645,,52,25,,,0
909,'1444157',1745,,53,25,,,0
909,'1444177',645,,54,25,,,0
909,'1444202',945,,55,25,,,0
909,'1444275',1145,,56,25,,,0
909,'1444286',645,,57,25,,,0
909,'1444316',1745,,58,25,,,0
909,'1444336',1045,,59,25,,,0
909,'1444355',1245,,60,25,,,0
909,'1444529',1845,,61,25,,,0
909,'1444681',1145,,62,25,,,0
