6019,'1481208',2213,,25,22,,,0
6019,'1481209',2113,,26,22,,,0
6019,'1481210',2013,,27,22,,,0
6019,'1481293',2213,,28,22,,,0
6019,'1481294',2113,,29,22,,,0
6019,'1481295',2013,,30,22,,,0
37019,'1481156',649,,179,22,,,0
37019,'1481157',719,,180,22,,,0
37019,'1481158',749,,181,22,,,0
37019,'1481159',819,,182,22,,,0
37019,'1481160',849,,183,22,,,0
37019,'1481161',919,,184,22,,,0
37019,'1481162',949,,185,22,,,0
37019,'1481163',1019,,186,22,,,0
37019,'1481164',1049,,187,22,,,0
37019,'1481165',1119,,188,22,,,0
37019,'1481166',1149,,189,22,,,0
37019,'1481167',1219,,190,22,,,0
37019,'1481168',1249,,191,22,,,0
37019,'1481169',1319,,192,22,,,0
37019,'1481170',1349,,193,22,,,0
37019,'1481171',1419,,194,22,,,0
37019,'1481172',1449,,195,22,,,0
37019,'1481173',1519,,196,22,,,0
37019,'1481174',1549,,197,22,,,0
37019,'1481175',1619,,198,22,,,0
37019,'1481176',1649,,199,22,,,0
37019,'1481177',1719,,200,22,,,0
37019,'1481178',1749,,201,22,,,0
37019,'1481179',1819,,202,22,,,0
37019,'1481180',1849,,203,22,,,0
37019,'1481181',1919,,204,22,,,0
37019,'1481241',649,,205,22,,,0
37019,'1481242',719,,206,22,,,0
37019,'1481243',749,,207,22,,,0
37019,'1481244',819,,208,22,,,0
37019,'1481245',849,,209,22,,,0
37019,'1481246',919,,210,22,,,0
37019,'1481247',949,,211,22,,,0
37019,'1481248',1019,,212,22,,,0
37019,'1481249',1049,,213,22,,,0
37019,'1481250',1119,,214,22,,,0
37019,'1481251',1149,,215,22,,,0
37019,'1481252',1219,,216,22,,,0
37019,'1481253',1249,,217,22,,,0
37019,'1481254',1319,,218,22,,,0
37019,'1481255',1349,,219,22,,,0
37019,'1481256',1419,,220,22,,,0
37019,'1481257',1449,,221,22,,,0
37019,'1481258',1519,,222,22,,,0
37019,'1481259',1549,,223,22,,,0
37019,'1481260',1619,,224,22,,,0
37019,'1481261',1649,,225,22,,,0
37019,'1481262',1719,,226,22,,,0
37019,'1481263',1749,,227,22,,,0
37019,'1481264',1819,,228,22,,,0
37019,'1481265',1849,,229,22,,,0
37019,'1481266',1919,,230,22,,,0
38019,'1481182',708,,231,50,,,0
38019,'1481183',738,,232,50,,,0
38019,'1481184',808,,233,50,,,0
38019,'1481185',838,,234,50,,,0
38019,'1481186',908,,235,50,,,0
38019,'1481187',938,,236,50,,,0
38019,'1481188',1008,,237,50,,,0
38019,'1481189',1038,,238,50,,,0
38019,'1481190',1108,,239,50,,,0
38019,'1481191',1138,,240,50,,,0
38019,'1481192',1208,,241,50,,,0
38019,'1481193',1238,,242,50,,,0
38019,'1481194',1308,,243,50,,,0
38019,'1481195',1338,,244,50,,,0
38019,'1481196',1408,,245,50,,,0
38019,'1481197',1438,,246,50,,,0
38019,'1481198',1508,,247,50,,,0
38019,'1481199',1538,,248,50,,,0
38019,'1481200',1608,,249,50,,,0
38019,'1481201',1638,,250,50,,,0
38019,'1481202',1708,,251,50,,,0
38019,'1481203',1738,,252,50,,,0
38019,'1481204',1808,,253,50,,,0
38019,'1481205',1838,,254,50,,,0
38019,'1481206',1908,,255,50,,,0
38019,'1481207',1938,,256,50,,,0
38019,'1481267',708,,257,50,,,0
38019,'1481268',738,,258,50,,,0
38019,'1481269',808,,259,50,,,0
38019,'1481270',838,,260,50,,,0
38019,'1481271',908,,261,50,,,0
38019,'1481272',938,,262,50,,,0
38019,'1481273',1008,,263,50,,,0
38019,'1481274',1038,,264,50,,,0
38019,'1481275',1108,,265,50,,,0
38019,'1481276',1138,,266,50,,,0
38019,'1481277',1208,,267,50,,,0
38019,'1481278',1238,,268,50,,,0
38019,'1481279',1308,,269,50,,,0
38019,'1481280',1338,,270,50,,,0
38019,'1481281',1408,,271,50,,,0
38019,'1481282',1438,,272,50,,,0
38019,'1481283',1508,,273,50,,,0
38019,'1481284',1538,,274,50,,,0
38019,'1481285',1608,,275,50,,,0
38019,'1481286',1638,,276,50,,,0
38019,'1481287',1708,,277,50,,,0
38019,'1481288',1738,,278,50,,,0
38019,'1481289',1808,,279,50,,,0
38019,'1481290',1838,,280,50,,,0
38019,'1481291',1912,,281,50,,,0
38019,'1481292',1942,,282,50,,,0
901029,'1481215',2300,,303,36,,,0
901029,'1481216',2200,,304,36,,,0
901029,'1481217',2100,,305,36,,,0
901029,'1481218',2000,,306,36,,,0
901029,'1481231',900,,318,36,,,0
901029,'1481232',1000,,319,36,,,0
901029,'1481233',1100,,320,36,,,0
901029,'1481234',1200,,321,36,,,0
901029,'1481235',1300,,322,36,,,0
901029,'1481236',1400,,323,36,,,0
901029,'1481237',1500,,324,36,,,0
901029,'1481238',1600,,325,36,,,0
901029,'1481239',1700,,326,36,,,0
901029,'1481240',1800,,327,36,,,0
901029,'1481300',2301,,332,36,,,0
901029,'1481301',2201,,333,36,,,0
901029,'1481302',2101,,334,36,,,0
901029,'1481303',2001,,335,36,,,0
