9019,'1442574',1337,,37,12,,,0
9019,'1442601',1437,,38,12,,,0
9019,'1442683',1237,,39,12,,,0
9019,'1442720',737,,40,12,,,0
9019,'1442725',1337,,41,12,,,0
9019,'1442740',1537,,42,12,,,0
9019,'1442981',1537,,43,12,,,0
9019,'1443060',1037,,44,12,,,0
9019,'1443114',837,,45,12,,,0
9019,'1443507',737,,46,12,,,0
9019,'1443572',1837,,47,12,,,0
9019,'1443665',837,,48,12,,,0
9019,'1443760',1437,,49,12,,,0
9019,'1444093',937,,50,12,,,0
9019,'1444114',1637,,51,12,,,0
9019,'1444140',1637,,52,12,,,0
9019,'1444157',1737,,53,12,,,0
9019,'1444177',637,,54,12,,,0
9019,'1444202',937,,55,12,,,0
9019,'1444275',1137,,56,12,,,0
9019,'1444286',637,,57,12,,,0
9019,'1444316',1737,,58,12,,,0
9019,'1444336',1037,,59,12,,,0
9019,'1444355',1237,,60,12,,,0
9019,'1444529',1837,,61,12,,,0
9019,'1444681',1137,,62,12,,,0
