3809,'1481182',641,,231,11,,,0
3809,'1481183',711,,232,11,,,0
3809,'1481184',741,,233,11,,,0
3809,'1481185',811,,234,11,,,0
3809,'1481186',841,,235,11,,,0
3809,'1481187',911,,236,11,,,0
3809,'1481188',941,,237,11,,,0
3809,'1481189',1011,,238,11,,,0
3809,'1481190',1041,,239,11,,,0
3809,'1481191',1111,,240,11,,,0
3809,'1481192',1141,,241,11,,,0
3809,'1481193',1211,,242,11,,,0
3809,'1481194',1241,,243,11,,,0
3809,'1481195',1311,,244,11,,,0
3809,'1481196',1341,,245,11,,,0
3809,'1481197',1411,,246,11,,,0
3809,'1481198',1441,,247,11,,,0
3809,'1481199',1511,,248,11,,,0
3809,'1481200',1541,,249,11,,,0
3809,'1481201',1611,,250,11,,,0
3809,'1481202',1641,,251,11,,,0
3809,'1481203',1711,,252,11,,,0
3809,'1481204',1741,,253,11,,,0
3809,'1481205',1811,,254,11,,,0
3809,'1481206',1841,,255,11,,,0
3809,'1481207',1911,,256,11,,,0
3809,'1481267',641,,257,11,,,0
3809,'1481268',711,,258,11,,,0
3809,'1481269',741,,259,11,,,0
3809,'1481270',811,,260,11,,,0
3809,'1481271',841,,261,11,,,0
3809,'1481272',911,,262,11,,,0
3809,'1481273',941,,263,11,,,0
3809,'1481274',1011,,264,11,,,0
3809,'1481275',1041,,265,11,,,0
3809,'1481276',1111,,266,11,,,0
3809,'1481277',1141,,267,11,,,0
3809,'1481278',1211,,268,11,,,0
3809,'1481279',1241,,269,11,,,0
3809,'1481280',1311,,270,11,,,0
3809,'1481281',1341,,271,11,,,0
3809,'1481282',1411,,272,11,,,0
3809,'1481283',1441,,273,11,,,0
3809,'1481284',1511,,274,11,,,0
3809,'1481285',1541,,275,11,,,0
3809,'1481286',1611,,276,11,,,0
3809,'1481287',1641,,277,11,,,0
3809,'1481288',1711,,278,11,,,0
3809,'1481289',1741,,279,11,,,0
3809,'1481290',1811,,280,11,,,0
3809,'1481291',1841,,281,11,,,0
3809,'1481292',1911,,282,11,,,0
90109,'1481215',2239,,303,13,0,11 12,0
90109,'1481216',2139,,304,13,0,11 12,0
90109,'1481217',2039,,305,13,0,11 12,0
90109,'1481218',1939,,306,13,0,11 12,0
90109,'1481231',839,,318,13,0,11 12,0
90109,'1481232',939,,319,13,0,11 12,0
90109,'1481233',1039,,320,13,0,11 12,0
90109,'1481234',1139,,321,13,0,11 12,0
90109,'1481235',1239,,322,13,0,11 12,0
90109,'1481236',1339,,323,13,0,11 12,0
90109,'1481237',1439,,324,13,0,11 12,0
90109,'1481238',1539,,325,13,0,11 12,0
90109,'1481239',1639,,326,13,0,11 12,0
90109,'1481240',1739,,327,13,0,11 12,0
90109,'1481300',2239,,332,13,0,11 12,0
90109,'1481301',2139,,333,13,0,11 12,0
90109,'1481302',2039,,334,13,0,11 12,0
90109,'1481303',1939,,335,13,0,11 12,0
