32019,'1442596',1804,,141,7,,,0
32019,'1442687',934,,142,7,,,0
32019,'1442754',634,,143,7,,,0
32019,'1442760',1404,,144,7,,,0
32019,'1442882',1734,,145,7,,,0
32019,'1442921',1334,,146,7,,,0
32019,'1442945',1534,,147,7,,,0
32019,'1443019',1034,,148,7,,,0
32019,'1443027',1734,,149,7,,,0
32019,'1443032',1134,,150,7,,,0
32019,'1443124',1004,,151,7,,,0
32019,'1443173',1704,,152,7,,,0
32019,'1443223',834,,153,7,,,0
32019,'1443230',734,,154,7,,,0
32019,'1443346',1204,,155,7,,,0
32019,'1443371',1634,,156,7,,,0
32019,'1443418',634,,157,7,,,0
32019,'1443451',1834,,158,7,,,0
32019,'1443460',1504,,159,7,,,0
32019,'1443559',1334,,160,7,,,0
32019,'1443566',1434,,161,7,,,0
32019,'1443666',934,,162,7,,,0
32019,'1443678',1434,,163,7,,,0
32019,'1443693',904,,164,7,,,0
32019,'1443729',1104,,165,7,,,0
32019,'1443750',1234,,166,7,,,0
32019,'1443756',704,,167,7,,,0
32019,'1443859',834,,168,7,,,0
32019,'1443893',1834,,169,7,,,0
32019,'1444067',1134,,170,7,,,0
32019,'1444076',734,,171,7,,,0
32019,'1444125',1304,,172,7,,,0
32019,'1444263',1034,,173,7,,,0
32019,'1444410',1604,,174,7,,,0
32019,'1444513',1234,,175,7,,,0
32019,'1444517',804,,176,7,,,0
32019,'1444645',1634,,177,7,,,0
32019,'1444700',1534,,178,7,,,0
902019,'1442632',2233,,337,7,,,0
902019,'1442824',2233,,338,7,,,0
902019,'1442866',1233,,339,7,,,0
902019,'1443008',1133,,340,7,,,0
902019,'1443149',1533,,341,7,,,0
902019,'1443169',2033,,342,7,,,0
902019,'1443298',2033,,344,7,,,0
902019,'1443323',1633,,345,7,,,0
902019,'1443365',1033,,347,7,,,0
902019,'1443389',1933,,348,7,,,0
902019,'1443612',2133,,349,7,,,0
902019,'1443718',1333,,351,7,,,0
902019,'1443721',2133,,352,7,,,0
902019,'1443889',1933,,355,7,,,0
902019,'1444136',933,,356,7,,,0
