5,5019,'1442650',1
5,5019,'1442688',2
5,5019,'1442690',3
5,5019,'1442938',4
5,5019,'1443029',5
5,5019,'1443081',6
5,5019,'1443286',7
5,5019,'1443417',8
5,5019,'1443735',9
5,5019,'1443904',10
5,5019,'1443973',11
5,5019,'1444646',12
5,5019,'1468946',13
5,5019,'1468947',14
5,5019,'1468948',15
5,5019,'1468949',16
5,5019,'1468950',17
5,5019,'1468951',18
5,5019,'1468952',19
5,5019,'1468953',20
5,5019,'1468954',21
5,5019,'1468955',22
5,5019,'1468956',23
5,5019,'1468957',24
6,6019,'1481208',25
6,6019,'1481209',26
6,6019,'1481210',27
6,6019,'1481293',28
6,6019,'1481294',29
6,6019,'1481295',30
7,7019,'1442686',31
7,7019,'1443170',32
7,7019,'1443421',33
7,7019,'1444160',34
7,7019,'1444518',35
7,7019,'1444604',36
9,9019,'1442574',37
9,9019,'1442601',38
9,9019,'1442683',39
9,9019,'1442720',40
9,9019,'1442725',41
9,9019,'1442740',42
9,9019,'1442981',43
9,9019,'1443060',44
9,9019,'1443114',45
9,9019,'1443507',46
9,9019,'1443572',47
9,9019,'1443665',48
9,9019,'1443760',49
9,9019,'1444093',50
9,9019,'1444114',51
9,9019,'1444140',52
9,9019,'1444157',53
9,9019,'1444177',54
9,9019,'1444202',55
9,9019,'1444275',56
9,9019,'1444286',57
9,9019,'1444316',58
9,9019,'1444336',59
9,9019,'1444355',60
9,9019,'1444529',61
9,9019,'1444681',62
16,16019,'1442759',63
16,16019,'1442908',64
16,16019,'1443382',65
16,16019,'1443639',66
16,16019,'1443689',67
16,16019,'1443695',68
16,16019,'1443794',69
16,16019,'1443910',70
16,16019,'1443990',71
16,16019,'1444348',72
16,16019,'1444457',73
16,16019,'1444527',74
16,16019,'1444699',75
16,16019,'1471644',76
16,16019,'1471645',77
16,16019,'1471646',78
16,16019,'1471647',79
16,16019,'1471648',80
16,16019,'1471649',81
16,16019,'1471650',82
16,16019,'1471651',83
16,16019,'1471652',84
16,16019,'1471653',85
16,16019,'1471654',86
16,16019,'1471655',87
16,16019,'1471656',88
16,16019,'1471657',89
16,16019,'1471658',90
16,16019,'1471659',91
16,16019,'1471660',92
16,16019,'1471661',93
16,16019,'1471662',94
16,16019,'1471663',95
16,16019,'1471664',96
16,16019,'1471665',97
16,16019,'1471666',98
16,16019,'1471667',99
16,16019,'1471668',100
16,16019,'1481219',101
31,31019,'1442657',102
31,31019,'1442704',103
31,31019,'1442731',104
31,31019,'1442816',105
31,31019,'1442926',106
31,31019,'1442939',107
31,31019,'1442988',108
31,31019,'1443001',109
31,31019,'1443020',110
31,31019,'1443042',111
31,31019,'1443050',112
31,31019,'1443073',113
31,31019,'1443135',114
31,31019,'1443141',115
31,31019,'1443144',116
31,31019,'1443163',117
31,31019,'1443412',118
31,31019,'1443419',119
31,31019,'1443472',120
31,31019,'1443548',121
31,31019,'1443737',122
31,31019,'1443781',123
31,31019,'1443831',124
31,31019,'1443867',125
31,31019,'1443869',126
31,31019,'1443890',127
31,31019,'1443895',128
31,31019,'1444017',129
31,31019,'1444043',130
31,31019,'1444183',131
31,31019,'1444283',132
31,31019,'1444351',133
31,31019,'1444464',134
31,31019,'1444532',135
31,31019,'1444569',136
31,31019,'1444582',137
31,31019,'1444595',138
31,31019,'1444704',139
31,31019,'1444711',140
32,32019,'1442596',141
32,32019,'1442687',142
32,32019,'1442754',143
32,32019,'1442760',144
32,32019,'1442882',145
32,32019,'1442921',146
32,32019,'1442945',147
32,32019,'1443019',148
32,32019,'1443027',149
32,32019,'1443032',150
32,32019,'1443124',151
32,32019,'1443173',152
32,32019,'1443223',153
32,32019,'1443230',154
32,32019,'1443346',155
32,32019,'1443371',156
32,32019,'1443418',157
32,32019,'1443451',158
32,32019,'1443460',159
32,32019,'1443559',160
32,32019,'1443566',161
32,32019,'1443666',162
32,32019,'1443678',163
32,32019,'1443693',164
32,32019,'1443729',165
32,32019,'1443750',166
32,32019,'1443756',167
32,32019,'1443859',168
32,32019,'1443893',169
32,32019,'1444067',170
32,32019,'1444076',171
32,32019,'1444125',172
32,32019,'1444263',173
32,32019,'1444410',174
32,32019,'1444513',175
32,32019,'1444517',176
32,32019,'1444645',177
32,32019,'1444700',178
37,37019,'1481156',179
37,37019,'1481157',180
37,37019,'1481158',181
37,37019,'1481159',182
37,37019,'1481160',183
37,37019,'1481161',184
37,37019,'1481162',185
37,37019,'1481163',186
37,37019,'1481164',187
37,37019,'1481165',188
37,37019,'1481166',189
37,37019,'1481167',190
37,37019,'1481168',191
37,37019,'1481169',192
37,37019,'1481170',193
37,37019,'1481171',194
37,37019,'1481172',195
37,37019,'1481173',196
37,37019,'1481174',197
37,37019,'1481175',198
37,37019,'1481176',199
37,37019,'1481177',200
37,37019,'1481178',201
37,37019,'1481179',202
37,37019,'1481180',203
37,37019,'1481181',204
37,37019,'1481241',205
37,37019,'1481242',206
37,37019,'1481243',207
37,37019,'1481244',208
37,37019,'1481245',209
37,37019,'1481246',210
37,37019,'1481247',211
37,37019,'1481248',212
37,37019,'1481249',213
37,37019,'1481250',214
37,37019,'1481251',215
37,37019,'1481252',216
37,37019,'1481253',217
37,37019,'1481254',218
37,37019,'1481255',219
37,37019,'1481256',220
37,37019,'1481257',221
37,37019,'1481258',222
37,37019,'1481259',223
37,37019,'1481260',224
37,37019,'1481261',225
37,37019,'1481262',226
37,37019,'1481263',227
37,37019,'1481264',228
37,37019,'1481265',229
37,37019,'1481266',230
38,38019,'1481182',231
38,38019,'1481183',232
38,38019,'1481184',233
38,38019,'1481185',234
38,38019,'1481186',235
38,38019,'1481187',236
38,38019,'1481188',237
38,38019,'1481189',238
38,38019,'1481190',239
38,38019,'1481191',240
38,38019,'1481192',241
38,38019,'1481193',242
38,38019,'1481194',243
38,38019,'1481195',244
38,38019,'1481196',245
38,38019,'1481197',246
38,38019,'1481198',247
38,38019,'1481199',248
38,38019,'1481200',249
38,38019,'1481201',250
38,38019,'1481202',251
38,38019,'1481203',252
38,38019,'1481204',253
38,38019,'1481205',254
38,38019,'1481206',255
38,38019,'1481207',256
38,38019,'1481267',257
38,38019,'1481268',258
38,38019,'1481269',259
38,38019,'1481270',260
38,38019,'1481271',261
38,38019,'1481272',262
38,38019,'1481273',263
38,38019,'1481274',264
38,38019,'1481275',265
38,38019,'1481276',266
38,38019,'1481277',267
38,38019,'1481278',268
38,38019,'1481279',269
38,38019,'1481280',270
38,38019,'1481281',271
38,38019,'1481282',272
38,38019,'1481283',273
38,38019,'1481284',274
38,38019,'1481285',275
38,38019,'1481286',276
38,38019,'1481287',277
38,38019,'1481288',278
38,38019,'1481289',279
38,38019,'1481290',280
38,38019,'1481291',281
38,38019,'1481292',282
222,222019,'1442570',283
222,222019,'1442649',284
222,222019,'1442739',285
222,222019,'1442786',286
222,222019,'1442958',287
222,222019,'1443031',288
222,222019,'1443337',289
222,222019,'1443387',290
222,222019,'1443677',291
222,222019,'1443849',292
222,222019,'1443865',293
222,222019,'1443871',294
222,222019,'1443906',295
222,222019,'1444101',296
222,222019,'1444334',297
222,222019,'1444568',298
901,901019,'1481211',299
901,901019,'1481212',300
901,901019,'1481213',301
901,901019,'1481214',302
901,901019,'1481220',307
901,901019,'1481221',308
901,901019,'1481222',309
901,901019,'1481223',310
901,901019,'1481224',311
901,901019,'1481225',312
901,901019,'1481226',313
901,901019,'1481227',314
901,901019,'1481228',315
901,901019,'1481229',316
901,901019,'1481230',317
901,901019,'1481296',328
901,901019,'1481297',329
901,901019,'1481298',330
901,901019,'1481299',331
901,901029,'1481215',303
901,901029,'1481216',304
901,901029,'1481217',305
901,901029,'1481218',306
901,901029,'1481231',318
901,901029,'1481232',319
901,901029,'1481233',320
901,901029,'1481234',321
901,901029,'1481235',322
901,901029,'1481236',323
901,901029,'1481237',324
901,901029,'1481238',325
901,901029,'1481239',326
901,901029,'1481240',327
901,901029,'1481300',332
901,901029,'1481301',333
901,901029,'1481302',334
901,901029,'1481303',335
902,902019,'1442632',337
902,902019,'1442824',338
902,902019,'1442866',339
902,902019,'1443008',340
902,902019,'1443149',341
902,902019,'1443169',342
902,902019,'1443298',344
902,902019,'1443323',345
902,902019,'1443365',347
902,902019,'1443389',348
902,902019,'1443612',349
902,902019,'1443718',351
902,902019,'1443721',352
902,902019,'1443889',355
902,902019,'1444136',356
902,902029,'1442623',336
902,902029,'1443277',343
902,902029,'1443327',346
902,902029,'1443696',350
902,902029,'1443801',353
902,902029,'1443882',354
902,902029,'1444181',357
902,902029,'1444215',358
902,902029,'1444222',359
902,902029,'1444364',360
902,902029,'1444425',361
902,902029,'1444479',362
902,902029,'1444524',363
76000,76000019,'1442746',364
76000,76000019,'1442836',365
76000,76000019,'1442868',366
76000,76000019,'1442936',367
76000,76000019,'1442948',368
76000,76000019,'1442960',369
76000,76000019,'1443166',370
76000,76000019,'1443237',371
76000,76000019,'1443568',372
76000,76000019,'1443930',373
76000,76000019,'1444078',374
76000,76000019,'1444147',375
76000,76000019,'1444253',376
76000,76000019,'1444707',377
