16019,'1442759',1142,,63,13,0,5,0
16019,'1442908',1642,,64,13,0,5,0
16019,'1443382',1542,,65,13,0,5,0
16019,'1443639',942,,66,13,0,5,0
16019,'1443689',1842,,67,13,0,5,0
16019,'1443695',1042,,68,13,0,5,0
16019,'1443794',1242,,69,13,0,5,0
16019,'1443910',1442,,70,13,0,5,0
16019,'1443990',1342,,71,13,0,5,0
16019,'1444348',1742,,72,13,0,5,0
16019,'1444457',842,,73,13,0,5,0
16019,'1444527',742,,74,13,0,5,0
16019,'1444699',642,,75,13,0,5,0
16019,'1471644',642,,76,13,0,6 7,0
16019,'1471645',742,,77,13,0,6 7,0
16019,'1471646',842,,78,13,0,6 7,0
16019,'1471647',942,,79,13,0,6 7,0
16019,'1471648',1042,,80,13,0,6 7,0
16019,'1471649',1142,,81,13,0,6 7,0
16019,'1471650',1242,,82,13,0,6 7,0
16019,'1471651',1342,,83,13,0,6 7,0
16019,'1471652',1442,,84,13,0,6 7,0
16019,'1471653',1542,,85,13,0,6 7,0
16019,'1471654',1642,,86,13,0,6 7,0
16019,'1471655',1742,,87,13,0,6 7,0
16019,'1471656',1842,,88,13,0,6 7,0
16019,'1471657',712,,89,13,0,6 7,0
16019,'1471658',812,,90,13,0,6 7,0
16019,'1471659',912,,91,13,0,6 7,0
16019,'1471660',1112,,92,13,0,8,0
16019,'1471661',1612,,93,13,0,6 7,0
16019,'1471662',1212,,94,13,0,8,0
16019,'1471663',1312,,95,13,0,8,0
16019,'1471664',1712,,96,13,0,6 7,0
16019,'1471665',1812,,97,13,0,6 7,0
16019,'1471666',1012,,98,13,0,8,0
16019,'1471667',1512,,99,13,0,6 7,0
16019,'1471668',1412,,100,13,0,8,0
901019,'1481211',2240,,299,13,,,0
901019,'1481212',1940,,300,13,,,0
901019,'1481213',2040,,301,13,,,0
901019,'1481214',2140,,302,13,,,0
901019,'1481220',840,,307,13,,,0
901019,'1481221',940,,308,13,,,0
901019,'1481222',1040,,309,13,,,0
901019,'1481223',1140,,310,13,,,0
901019,'1481224',1240,,311,13,,,0
901019,'1481225',1340,,312,13,,,0
901019,'1481226',1440,,313,13,,,0
901019,'1481227',1540,,314,13,,,0
901019,'1481228',1640,,315,13,,,0
901019,'1481229',1740,,316,13,,,0
901019,'1481230',1840,,317,13,,,0
901019,'1481296',2240,,328,13,,,0
901019,'1481297',1940,,329,13,,,0
901019,'1481298',2040,,330,13,,,0
901019,'1481299',2140,,331,13,,,0
