909,'1442574',1335,,37,8,,,0
909,'1442601',1435,,38,8,,,0
909,'1442683',1235,,39,8,,,0
909,'1442720',735,,40,8,,,0
909,'1442725',1335,,41,8,,,0
909,'1442740',1535,,42,8,,,0
909,'1442981',1535,,43,8,,,0
909,'1443060',1035,,44,8,,,0
909,'1443114',835,,45,8,,,0
909,'1443507',735,,46,8,,,0
909,'1443572',1835,,47,8,,,0
909,'1443665',835,,48,8,,,0
909,'1443760',1435,,49,8,,,0
909,'1444093',935,,50,8,,,0
909,'1444114',1635,,51,8,,,0
909,'1444140',1635,,52,8,,,0
909,'1444157',1735,,53,8,,,0
909,'1444177',635,,54,8,,,0
909,'1444202',935,,55,8,,,0
909,'1444275',1135,,56,8,,,0
909,'1444286',635,,57,8,,,0
909,'1444316',1735,,58,8,,,0
909,'1444336',1035,,59,8,,,0
909,'1444355',1235,,60,8,,,0
909,'1444529',1835,,61,8,,,0
909,'1444681',1135,,62,8,,,0
