31019,'1442657',1312,,102,21,,,0
31019,'1442704',1745,,103,21,,,0
31019,'1442731',1112,,104,21,,,0
31019,'1442816',1045,,105,21,,,0
31019,'1442926',812,,106,21,,,0
31019,'1442939',815,,107,21,,,0
31019,'1442988',915,,108,21,,,0
31019,'1443001',1515,,109,21,,,0
31019,'1443020',1012,,110,21,,,0
31019,'1443042',945,,111,21,,,0
31019,'1443050',1315,,112,21,,,0
31019,'1443073',1512,,113,21,,,0
31019,'1443135',1415,,114,21,,,0
31019,'1443141',1545,,115,21,,,0
31019,'1443144',1145,,116,21,,,0
31019,'1443163',1215,,117,21,,,0
31019,'1443412',1445,,118,21,,,0
31019,'1443419',1345,,119,21,,,0
31019,'1443472',1245,,120,21,,,0
31019,'1443548',1412,,121,21,,,0
31019,'1443737',1812,,122,21,,,0
31019,'1443781',1845,,123,21,,,0
31019,'1443831',1815,,124,21,,,0
31019,'1443867',1212,,125,21,,,0
31019,'1443869',1015,,126,21,,,0
31019,'1443890',712,,127,21,,,0
31019,'1443895',715,,128,21,,,0
31019,'1444017',1915,,129,21,,,0
31019,'1444043',912,,130,21,,,0
31019,'1444183',1615,,131,21,,,0
31019,'1444283',1612,,132,21,,,0
31019,'1444351',1115,,133,21,,,0
31019,'1444464',1712,,134,21,,,0
31019,'1444532',845,,135,21,,,0
31019,'1444569',1645,,136,21,,,0
31019,'1444582',745,,137,21,,,0
31019,'1444595',645,,138,21,,,0
31019,'1444704',1912,,139,21,,,0
31019,'1444711',1715,,140,21,,,0
902029,'1442623',2014,,336,18,,,0
902029,'1443277',2114,,343,18,,,0
902029,'1443327',2214,,346,18,,,0
902029,'1443696',2014,,350,18,,,0
902029,'1443801',1514,,353,18,,,0
902029,'1443882',1714,,354,18,,,0
902029,'1444181',1314,,357,18,,,0
902029,'1444215',2214,,358,18,,,0
902029,'1444222',1214,,359,18,,,0
902029,'1444364',1614,,360,18,,,0
902029,'1444425',1114,,361,18,,,0
902029,'1444479',2114,,362,18,,,0
902029,'1444524',1014,,363,18,,,0
