5019,'1442650',1115,,1,17,,,0
5019,'1442688',1015,,2,17,,,0
5019,'1442690',915,,3,17,,,0
5019,'1442938',1715,,4,17,,,0
5019,'1443029',1615,,5,17,,,0
5019,'1443081',815,,6,17,,,0
5019,'1443286',1215,,7,17,,,0
5019,'1443417',1815,,8,17,,,0
5019,'1443735',1415,,9,17,,,0
5019,'1443904',1515,,10,17,,,0
5019,'1443973',715,,11,17,,,0
5019,'1444646',1315,,12,17,,,0
5019,'1468946',715,,13,17,,,0
5019,'1468947',815,,14,17,,,0
5019,'1468948',915,,15,17,,,0
5019,'1468949',1015,,16,17,,,0
5019,'1468950',1115,,17,17,,,0
5019,'1468951',1215,,18,17,,,0
5019,'1468952',1315,,19,17,,,0
5019,'1468953',1415,,20,17,,,0
5019,'1468954',1515,,21,17,,,0
5019,'1468955',1615,,22,17,,,0
5019,'1468956',1715,,23,17,,,0
5019,'1468957',1815,,24,17,,,0
902029,'1442623',2011,,336,12,,,0
902029,'1443277',2111,,343,12,,,0
902029,'1443327',2211,,346,12,,,0
902029,'1443696',2011,,350,12,,,0
902029,'1443801',1511,,353,12,,,0
902029,'1443882',1711,,354,12,,,0
902029,'1444181',1311,,357,12,,,0
902029,'1444215',2211,,358,12,,,0
902029,'1444222',1211,,359,12,,,0
902029,'1444364',1611,,360,12,,,0
902029,'1444425',1111,,361,12,,,0
902029,'1444479',2111,,362,12,,,0
902029,'1444524',1011,,363,12,,,0
