7019,'1442686',2136,,31,10,0,5 15,0
7019,'1443170',2036,,32,10,0,5 15,0
7019,'1443421',2036,,33,10,0,5 15,0
7019,'1444160',1936,,34,10,0,5 15,0
7019,'1444518',1936,,35,10,0,5 15,0
7019,'1444604',2136,,36,10,0,5 15,0
38019,'1481182',651,,231,25,,,0
38019,'1481183',721,,232,25,,,0
38019,'1481184',751,,233,25,,,0
38019,'1481185',821,,234,25,,,0
38019,'1481186',851,,235,25,,,0
38019,'1481187',921,,236,25,,,0
38019,'1481188',951,,237,25,,,0
38019,'1481189',1021,,238,25,,,0
38019,'1481190',1051,,239,25,,,0
38019,'1481191',1121,,240,25,,,0
38019,'1481192',1151,,241,25,,,0
38019,'1481193',1221,,242,25,,,0
38019,'1481194',1251,,243,25,,,0
38019,'1481195',1321,,244,25,,,0
38019,'1481196',1351,,245,25,,,0
38019,'1481197',1421,,246,25,,,0
38019,'1481198',1451,,247,25,,,0
38019,'1481199',1521,,248,25,,,0
38019,'1481200',1551,,249,25,,,0
38019,'1481201',1621,,250,25,,,0
38019,'1481202',1651,,251,25,,,0
38019,'1481203',1721,,252,25,,,0
38019,'1481204',1751,,253,25,,,0
38019,'1481205',1821,,254,25,,,0
38019,'1481206',1851,,255,25,,,0
38019,'1481207',1921,,256,25,,,0
38019,'1481267',651,,257,25,,,0
38019,'1481268',721,,258,25,,,0
38019,'1481269',751,,259,25,,,0
38019,'1481270',821,,260,25,,,0
38019,'1481271',851,,261,25,,,0
38019,'1481272',921,,262,25,,,0
38019,'1481273',951,,263,25,,,0
38019,'1481274',1021,,264,25,,,0
38019,'1481275',1051,,265,25,,,0
38019,'1481276',1121,,266,25,,,0
38019,'1481277',1151,,267,25,,,0
38019,'1481278',1221,,268,25,,,0
38019,'1481279',1251,,269,25,,,0
38019,'1481280',1321,,270,25,,,0
38019,'1481281',1351,,271,25,,,0
38019,'1481282',1421,,272,25,,,0
38019,'1481283',1451,,273,25,,,0
38019,'1481284',1521,,274,25,,,0
38019,'1481285',1551,,275,25,,,0
38019,'1481286',1621,,276,25,,,0
38019,'1481287',1651,,277,25,,,0
38019,'1481288',1721,,278,25,,,0
38019,'1481289',1751,,279,25,,,0
38019,'1481290',1821,,280,25,,,0
38019,'1481291',1851,,281,25,,,0
38019,'1481292',1921,,282,25,,,0
76000019,'1442746',1006,,364,10,0,14,0
76000019,'1442836',1136,,365,10,0,14,0
76000019,'1442868',1236,,366,10,0,14,0
76000019,'1442936',1436,,367,10,0,14,0
76000019,'1442948',1306,,368,10,0,14,0
76000019,'1442960',1106,,369,10,0,14,0
76000019,'1443166',1506,,370,10,0,14,0
76000019,'1443237',1606,,371,10,0,14,0
76000019,'1443568',1636,,372,10,0,14,0
76000019,'1443930',1706,,373,10,0,14,0
76000019,'1444078',1206,,374,10,0,14,0
76000019,'1444147',1736,,375,10,0,14,0
76000019,'1444253',1036,,376,10,0,14,0
76000019,'1444707',1536,,377,10,0,14,0
