3109,'1442657',1320,,102,32,,,0
3109,'1442704',1754,,103,32,,,0
3109,'1442731',1120,,104,32,,,0
3109,'1442816',1054,,105,32,,,0
3109,'1442926',820,,106,32,,,0
3109,'1442939',824,,107,32,,,0
3109,'1442988',924,,108,32,,,0
3109,'1443001',1524,,109,32,,,0
3109,'1443020',1020,,110,32,,,0
3109,'1443042',954,,111,32,,,0
3109,'1443050',1324,,112,32,,,0
3109,'1443073',1520,,113,32,,,0
3109,'1443135',1424,,114,32,,,0
3109,'1443141',1554,,115,32,,,0
3109,'1443144',1154,,116,32,,,0
3109,'1443163',1224,,117,32,,,0
3109,'1443412',1454,,118,32,,,0
3109,'1443419',1354,,119,32,,,0
3109,'1443472',1254,,120,32,,,0
3109,'1443548',1420,,121,32,,,0
3109,'1443737',1820,,122,32,,,0
3109,'1443781',1854,,123,32,,,0
3109,'1443831',1824,,124,32,,,0
3109,'1443867',1220,,125,32,,,0
3109,'1443869',1024,,126,32,,,0
3109,'1443890',720,,127,32,,,0
3109,'1443895',724,,128,32,,,0
3109,'1444017',1924,,129,32,,,0
3109,'1444043',920,,130,32,,,0
3109,'1444183',1624,,131,32,,,0
3109,'1444283',1620,,132,32,,,0
3109,'1444351',1124,,133,32,,,0
3109,'1444464',1720,,134,32,,,0
3109,'1444532',854,,135,32,,,0
3109,'1444569',1654,,136,32,,,0
3109,'1444582',754,,137,32,,,0
3109,'1444595',654,,138,32,,,0
3109,'1444704',1920,,139,32,,,0
3109,'1444711',1724,,140,32,,,0
90209,'1442623',2022,,336,27,0,13,0
90209,'1443277',2122,,343,27,0,13,0
90209,'1443327',2222,,346,27,0,13,0
90209,'1443696',2022,,350,27,0,13,0
90209,'1443801',1522,,353,27,0,13,0
90209,'1443882',1722,,354,27,0,13,0
90209,'1444181',1322,,357,27,0,13,0
90209,'1444215',2222,,358,27,0,13,0
90209,'1444222',1222,,359,27,0,13,0
90209,'1444364',1622,,360,27,0,13,0
90209,'1444425',1122,,361,27,0,13,0
90209,'1444479',2122,,362,27,0,13,0
90209,'1444524',1022,,363,27,0,13,0
