609,'1481208',2201,,25,2,,,0
609,'1481209',2101,,26,2,,,0
609,'1481210',2001,,27,2,,,0
609,'1481293',2201,,28,2,,,0
609,'1481294',2101,,29,2,,,0
609,'1481295',2001,,30,2,,,0
709,'1442686',2132,,31,2,0,5 15,0
709,'1443170',2032,,32,2,0,5 15,0
709,'1443421',2032,,33,2,0,5 15,0
709,'1444160',1932,,34,2,0,5 15,0
709,'1444518',1932,,35,2,0,5 15,0
709,'1444604',2132,,36,2,0,5 15,0
3709,'1481156',632,,179,2,,,0
3709,'1481157',702,,180,2,,,0
3709,'1481158',732,,181,2,,,0
3709,'1481159',802,,182,2,,,0
3709,'1481160',832,,183,2,,,0
3709,'1481161',902,,184,2,,,0
3709,'1481162',932,,185,2,,,0
3709,'1481163',1002,,186,2,,,0
3709,'1481164',1032,,187,2,,,0
3709,'1481165',1102,,188,2,,,0
3709,'1481166',1132,,189,2,,,0
3709,'1481167',1202,,190,2,,,0
3709,'1481168',1232,,191,2,,,0
3709,'1481169',1302,,192,2,,,0
3709,'1481170',1332,,193,2,,,0
3709,'1481171',1402,,194,2,,,0
3709,'1481172',1432,,195,2,,,0
3709,'1481173',1502,,196,2,,,0
3709,'1481174',1532,,197,2,,,0
3709,'1481175',1602,,198,2,,,0
3709,'1481176',1632,,199,2,,,0
3709,'1481177',1702,,200,2,,,0
3709,'1481178',1732,,201,2,,,0
3709,'1481179',1802,,202,2,,,0
3709,'1481180',1832,,203,2,,,0
3709,'1481181',1902,,204,2,,,0
3709,'1481241',632,,205,2,,,0
3709,'1481242',702,,206,2,,,0
3709,'1481243',732,,207,2,,,0
3709,'1481244',802,,208,2,,,0
3709,'1481245',832,,209,2,,,0
3709,'1481246',902,,210,2,,,0
3709,'1481247',932,,211,2,,,0
3709,'1481248',1002,,212,2,,,0
3709,'1481249',1032,,213,2,,,0
3709,'1481250',1102,,214,2,,,0
3709,'1481251',1132,,215,2,,,0
3709,'1481252',1202,,216,2,,,0
3709,'1481253',1232,,217,2,,,0
3709,'1481254',1302,,218,2,,,0
3709,'1481255',1332,,219,2,,,0
3709,'1481256',1402,,220,2,,,0
3709,'1481257',1432,,221,2,,,0
3709,'1481258',1502,,222,2,,,0
3709,'1481259',1532,,223,2,,,0
3709,'1481260',1602,,224,2,,,0
3709,'1481261',1632,,225,2,,,0
3709,'1481262',1702,,226,2,,,0
3709,'1481263',1732,,227,2,,,0
3709,'1481264',1802,,228,2,,,0
3709,'1481265',1832,,229,2,,,0
3709,'1481266',1902,,230,2,,,0
3809,'1481182',632,,231,2,,,0
3809,'1481183',702,,232,2,,,0
3809,'1481184',732,,233,2,,,0
3809,'1481185',802,,234,2,,,0
3809,'1481186',832,,235,2,,,0
3809,'1481187',902,,236,2,,,0
3809,'1481188',932,,237,2,,,0
3809,'1481189',1002,,238,2,,,0
3809,'1481190',1032,,239,2,,,0
3809,'1481191',1102,,240,2,,,0
3809,'1481192',1132,,241,2,,,0
3809,'1481193',1202,,242,2,,,0
3809,'1481194',1232,,243,2,,,0
3809,'1481195',1302,,244,2,,,0
3809,'1481196',1332,,245,2,,,0
3809,'1481197',1402,,246,2,,,0
3809,'1481198',1432,,247,2,,,0
3809,'1481199',1502,,248,2,,,0
3809,'1481200',1532,,249,2,,,0
3809,'1481201',1602,,250,2,,,0
3809,'1481202',1632,,251,2,,,0
3809,'1481203',1702,,252,2,,,0
3809,'1481204',1732,,253,2,,,0
3809,'1481205',1802,,254,2,,,0
3809,'1481206',1832,,255,2,,,0
3809,'1481207',1902,,256,2,,,0
3809,'1481267',632,,257,2,,,0
3809,'1481268',702,,258,2,,,0
3809,'1481269',732,,259,2,,,0
3809,'1481270',802,,260,2,,,0
3809,'1481271',832,,261,2,,,0
3809,'1481272',902,,262,2,,,0
3809,'1481273',932,,263,2,,,0
3809,'1481274',1002,,264,2,,,0
3809,'1481275',1032,,265,2,,,0
3809,'1481276',1102,,266,2,,,0
3809,'1481277',1132,,267,2,,,0
3809,'1481278',1202,,268,2,,,0
3809,'1481279',1232,,269,2,,,0
3809,'1481280',1302,,270,2,,,0
3809,'1481281',1332,,271,2,,,0
3809,'1481282',1402,,272,2,,,0
3809,'1481283',1432,,273,2,,,0
3809,'1481284',1502,,274,2,,,0
3809,'1481285',1532,,275,2,,,0
3809,'1481286',1602,,276,2,,,0
3809,'1481287',1632,,277,2,,,0
3809,'1481288',1702,,278,2,,,0
3809,'1481289',1732,,279,2,,,0
3809,'1481290',1802,,280,2,,,0
3809,'1481291',1832,,281,2,,,0
3809,'1481292',1902,,282,2,,,0
90109,'1481215',2232,,303,2,0,11 12,0
90109,'1481216',2132,,304,2,0,11 12,0
90109,'1481217',2032,,305,2,0,11 12,0
90109,'1481218',1932,,306,2,0,11 12,0
90109,'1481231',832,,318,2,0,11 12,0
90109,'1481232',932,,319,2,0,11 12,0
90109,'1481233',1032,,320,2,0,11 12,0
90109,'1481234',1132,,321,2,0,11 12,0
90109,'1481235',1232,,322,2,0,11 12,0
90109,'1481236',1332,,323,2,0,11 12,0
90109,'1481237',1432,,324,2,0,11 12,0
90109,'1481238',1532,,325,2,0,11 12,0
90109,'1481239',1632,,326,2,0,11 12,0
90109,'1481240',1732,,327,2,0,11 12,0
90109,'1481300',2232,,332,2,0,11 12,0
90109,'1481301',2132,,333,2,0,11 12,0
90109,'1481302',2032,,334,2,0,11 12,0
90109,'1481303',1932,,335,2,0,11 12,0
7600009,'1442746',1001,,364,2,0,14,0
7600009,'1442836',1131,,365,2,0,14,0
7600009,'1442868',1231,,366,2,0,14,0
7600009,'1442936',1431,,367,2,0,14,0
7600009,'1442948',1301,,368,2,0,14,0
7600009,'1442960',1101,,369,2,0,14,0
7600009,'1443166',1501,,370,2,0,14,0
7600009,'1443237',1601,,371,2,0,14,0
7600009,'1443568',1631,,372,2,0,14,0
7600009,'1443930',1701,,373,2,0,14,0
7600009,'1444078',1201,,374,2,0,14,0
7600009,'1444147',1731,,375,2,0,14,0
7600009,'1444253',1031,,376,2,0,14,0
7600009,'1444707',1531,,377,2,0,14,0
