1609,'1442759',1209,,63,39,0,5,0
1609,'1442908',1709,,64,39,0,5,0
1609,'1443382',1609,,65,39,0,5,0
1609,'1443639',1009,,66,39,0,5,0
1609,'1443689',1909,,67,39,0,5,0
1609,'1443695',1109,,68,39,0,5,0
1609,'1443794',1309,,69,39,0,5,0
1609,'1443910',1509,,70,39,0,5,0
1609,'1443990',1409,,71,39,0,5,0
1609,'1444348',1809,,72,39,0,5,0
1609,'1444457',909,,73,39,0,5,0
1609,'1444527',809,,74,39,0,5,0
1609,'1444699',709,,75,39,0,5,0
1609,'1471644',709,,76,41,0,6 7,0
1609,'1471645',809,,77,41,0,6 7,0
1609,'1471646',909,,78,41,0,6 7,0
1609,'1471647',1009,,79,41,0,6 7,0
1609,'1471648',1109,,80,41,0,6 7,0
1609,'1471649',1209,,81,41,0,6 7,0
1609,'1471650',1309,,82,41,0,6 7,0
1609,'1471651',1409,,83,41,0,6 7,0
1609,'1471652',1509,,84,41,0,6 7,0
1609,'1471653',1609,,85,41,0,6 7,0
1609,'1471654',1709,,86,41,0,6 7,0
1609,'1471655',1809,,87,41,0,6 7,0
1609,'1471656',1909,,88,41,0,6 7,0
1609,'1471657',739,,89,41,0,6 7,0
1609,'1471658',839,,90,41,0,6 7,0
1609,'1471659',939,,91,41,0,6 7,0
1609,'1471660',1139,,92,42,0,8,0
1609,'1471661',1639,,93,41,0,6 7,0
1609,'1471662',1239,,94,42,0,8,0
1609,'1471663',1339,,95,42,0,8,0
1609,'1471664',1739,,96,41,0,6 7,0
1609,'1471665',1839,,97,41,0,6 7,0
1609,'1471666',1039,,98,42,0,8,0
1609,'1471667',1539,,99,41,0,6 7,0
1609,'1471668',1439,,100,42,0,8,0
90109,'1481211',2301,,299,39,0,6,0
90109,'1481212',2001,,300,39,0,6,0
90109,'1481213',2101,,301,39,0,6,0
90109,'1481214',2201,,302,39,0,6,0
90109,'1481220',901,,307,39,0,6,0
90109,'1481221',1001,,308,39,0,6,0
90109,'1481222',1101,,309,39,0,6,0
90109,'1481223',1201,,310,39,0,6,0
90109,'1481224',1301,,311,39,0,6,0
90109,'1481225',1401,,312,39,0,6,0
90109,'1481226',1501,,313,39,0,6,0
90109,'1481227',1601,,314,39,0,6,0
90109,'1481228',1701,,315,39,0,6,0
90109,'1481229',1801,,316,39,0,6,0
90109,'1481230',1901,,317,39,0,6,0
90109,'1481296',2308,,328,39,0,6,0
90109,'1481297',2008,,329,39,0,6,0
90109,'1481298',2108,,330,39,0,6,0
90109,'1481299',2208,,331,39,0,6,0
