909,'1442574',1330,,37,1,,,0,23,,37,34,4,,0
909,'1442601',1430,,38,1,,,0,23,,38,34,4,,0
909,'1442683',1230,,39,1,,,0,23,,39,34,4,,0
909,'1442720',730,,40,1,,,0,23,,40,34,4,,0
909,'1442725',1330,,41,1,,,0,23,,41,34,4,,0
909,'1442740',1530,,42,1,,,0,23,,42,34,4,,0
909,'1442981',1530,,43,1,,,0,23,,43,34,4,,0
909,'1443060',1030,,44,1,,,0,23,,44,34,4,,0
909,'1443114',830,,45,1,,,0,23,,45,34,4,,0
909,'1443507',730,,46,1,,,0,23,,46,34,4,,0
909,'1443572',1830,,47,1,,,0,23,,47,34,4,,0
909,'1443665',830,,48,1,,,0,23,,48,34,4,,0
909,'1443760',1430,,49,1,,,0,23,,49,34,4,,0
909,'1444093',930,,50,1,,,0,23,,50,34,4,,0
909,'1444114',1630,,51,1,,,0,23,,51,34,4,,0
909,'1444140',1630,,52,1,,,0,23,,52,34,4,,0
909,'1444157',1730,,53,1,,,0,23,,53,34,4,,0
909,'1444177',630,,54,1,,,0,23,,54,34,4,,0
909,'1444202',930,,55,1,,,0,23,,55,34,4,,0
909,'1444275',1130,,56,1,,,0,23,,56,34,4,,0
909,'1444286',630,,57,1,,,0,23,,57,34,4,,0
909,'1444316',1730,,58,1,,,0,23,,58,34,4,,0
909,'1444336',1030,,59,1,,,0,23,,59,34,4,,0
909,'1444355',1230,,60,1,,,0,23,,60,34,4,,0
909,'1444529',1830,,61,1,,,0,23,,61,34,4,,0
909,'1444681',1130,,62,1,,,0,23,,62,34,4,,0
