16019,'1442759',1207,,63,37,0,5,0
16019,'1442908',1707,,64,37,0,5,0
16019,'1443382',1607,,65,37,0,5,0
16019,'1443639',1007,,66,37,0,5,0
16019,'1443689',1907,,67,37,0,5,0
16019,'1443695',1107,,68,37,0,5,0
16019,'1443794',1307,,69,37,0,5,0
16019,'1443910',1507,,70,37,0,5,0
16019,'1443990',1407,,71,37,0,5,0
16019,'1444348',1807,,72,37,0,5,0
16019,'1444457',907,,73,37,0,5,0
16019,'1444527',807,,74,37,0,5,0
16019,'1444699',707,,75,37,0,5,0
16019,'1471644',707,,76,39,0,6 7,0
16019,'1471645',807,,77,39,0,6 7,0
16019,'1471646',907,,78,39,0,6 7,0
16019,'1471647',1007,,79,39,0,6 7,0
16019,'1471648',1107,,80,39,0,6 7,0
16019,'1471649',1207,,81,39,0,6 7,0
16019,'1471650',1307,,82,39,0,6 7,0
16019,'1471651',1407,,83,39,0,6 7,0
16019,'1471652',1507,,84,39,0,6 7,0
16019,'1471653',1607,,85,39,0,6 7,0
16019,'1471654',1707,,86,39,0,6 7,0
16019,'1471655',1807,,87,39,0,6 7,0
16019,'1471656',1907,,88,39,0,6 7,0
16019,'1471657',737,,89,39,0,6 7,0
16019,'1471658',837,,90,39,0,6 7,0
16019,'1471659',937,,91,39,0,6 7,0
16019,'1471660',1137,,92,40,0,8,0
16019,'1471661',1637,,93,39,0,6 7,0
16019,'1471662',1237,,94,40,0,8,0
16019,'1471663',1337,,95,40,0,8,0
16019,'1471664',1737,,96,39,0,6 7,0
16019,'1471665',1837,,97,39,0,6 7,0
16019,'1471666',1037,,98,40,0,8,0
16019,'1471667',1537,,99,39,0,6 7,0
16019,'1471668',1437,,100,40,0,8,0
901019,'1481211',2259,,299,37,,,0
901019,'1481212',1959,,300,37,,,0
901019,'1481213',2059,,301,37,,,0
901019,'1481214',2159,,302,37,,,0
901019,'1481220',859,,307,37,,,0
901019,'1481221',959,,308,37,,,0
901019,'1481222',1059,,309,37,,,0
901019,'1481223',1159,,310,37,,,0
901019,'1481224',1259,,311,37,,,0
901019,'1481225',1359,,312,37,,,0
901019,'1481226',1459,,313,37,,,0
901019,'1481227',1559,,314,37,,,0
901019,'1481228',1659,,315,37,,,0
901019,'1481229',1759,,316,37,,,0
901019,'1481230',1859,,317,37,,,0
901019,'1481296',2306,,328,37,,,0
901019,'1481297',2006,,329,37,,,0
901019,'1481298',2106,,330,37,,,0
901019,'1481299',2206,,331,37,,,0
