31019,'1442657',1302,,102,5,,,0
31019,'1442704',1732,,103,5,,,0
31019,'1442731',1102,,104,5,,,0
31019,'1442816',1032,,105,5,,,0
31019,'1442926',802,,106,5,,,0
31019,'1442939',802,,107,5,,,0
31019,'1442988',902,,108,5,,,0
31019,'1443001',1502,,109,5,,,0
31019,'1443020',1002,,110,5,,,0
31019,'1443042',932,,111,5,,,0
31019,'1443050',1302,,112,5,,,0
31019,'1443073',1502,,113,5,,,0
31019,'1443135',1402,,114,5,,,0
31019,'1443141',1532,,115,5,,,0
31019,'1443144',1132,,116,5,,,0
31019,'1443163',1202,,117,5,,,0
31019,'1443412',1432,,118,5,,,0
31019,'1443419',1332,,119,5,,,0
31019,'1443472',1232,,120,5,,,0
31019,'1443548',1402,,121,5,,,0
31019,'1443737',1802,,122,5,,,0
31019,'1443781',1832,,123,5,,,0
31019,'1443831',1802,,124,5,,,0
31019,'1443867',1202,,125,5,,,0
31019,'1443869',1002,,126,5,,,0
31019,'1443890',702,,127,5,,,0
31019,'1443895',702,,128,5,,,0
31019,'1444017',1902,,129,5,,,0
31019,'1444043',902,,130,5,,,0
31019,'1444183',1602,,131,5,,,0
31019,'1444283',1602,,132,5,,,0
31019,'1444351',1102,,133,5,,,0
31019,'1444464',1702,,134,5,,,0
31019,'1444532',832,,135,5,,,0
31019,'1444569',1632,,136,5,,,0
31019,'1444582',732,,137,5,,,0
31019,'1444595',632,,138,5,,,0
31019,'1444704',1902,,139,5,,,0
31019,'1444711',1702,,140,5,,,0
