3209,'1442596',1800,,141,1,,,0,25,,141,45,4,,0
3209,'1442687',930,,142,1,,,0,25,,142,45,4,,0
3209,'1442754',630,,143,1,,,0,25,,143,45,4,,0
3209,'1442760',1400,,144,1,,,0,25,,144,45,4,,0
3209,'1442882',1730,,145,1,,,0,25,,145,45,4,,0
3209,'1442921',1330,,146,1,,,0,25,,146,45,4,,0
3209,'1442945',1530,,147,1,,,0,25,,147,45,4,,0
3209,'1443019',1030,,148,1,,,0,25,,148,45,4,,0
3209,'1443027',1730,,149,1,,,0,25,,149,45,4,,0
3209,'1443032',1130,,150,1,,,0,25,,150,45,4,,0
3209,'1443124',1000,,151,1,,,0,25,,151,45,4,,0
3209,'1443173',1700,,152,1,,,0,25,,152,45,4,,0
3209,'1443223',830,,153,1,,,0,25,,153,45,4,,0
3209,'1443230',730,,154,1,,,0,25,,154,45,4,,0
3209,'1443346',1200,,155,1,,,0,25,,155,45,4,,0
3209,'1443371',1630,,156,1,,,0,25,,156,45,4,,0
3209,'1443418',630,,157,1,,,0,25,,157,45,4,,0
3209,'1443451',1830,,158,1,,,0,25,,158,45,4,,0
3209,'1443460',1500,,159,1,,,0,25,,159,45,4,,0
3209,'1443559',1330,,160,1,,,0,25,,160,45,4,,0
3209,'1443566',1430,,161,1,,,0,25,,161,45,4,,0
3209,'1443666',930,,162,1,,,0,25,,162,45,4,,0
3209,'1443678',1430,,163,1,,,0,25,,163,45,4,,0
3209,'1443693',900,,164,1,,,0,25,,164,45,4,,0
3209,'1443729',1100,,165,1,,,0,25,,165,45,4,,0
3209,'1443750',1230,,166,1,,,0,25,,166,45,4,,0
3209,'1443756',700,,167,1,,,0,25,,167,45,4,,0
3209,'1443859',830,,168,1,,,0,25,,168,45,4,,0
3209,'1443893',1830,,169,1,,,0,25,,169,45,4,,0
3209,'1444067',1130,,170,1,,,0,25,,170,45,4,,0
3209,'1444076',730,,171,1,,,0,25,,171,45,4,,0
3209,'1444125',1300,,172,1,,,0,25,,172,45,4,,0
3209,'1444263',1030,,173,1,,,0,25,,173,45,4,,0
3209,'1444410',1600,,174,1,,,0,25,,174,45,4,,0
3209,'1444513',1230,,175,1,,,0,25,,175,45,4,,0
3209,'1444517',800,,176,1,,,0,25,,176,45,4,,0
3209,'1444645',1630,,177,1,,,0,25,,177,45,4,,0
3209,'1444700',1530,,178,1,,,0,25,,178,45,4,,0
