16019,'1442759',1200,,63,31,0,5,0
16019,'1442908',1700,,64,31,0,5,0
16019,'1443382',1600,,65,31,0,5,0
16019,'1443639',1000,,66,31,0,5,0
16019,'1443689',1900,,67,31,0,5,0
16019,'1443695',1100,,68,31,0,5,0
16019,'1443794',1300,,69,31,0,5,0
16019,'1443910',1500,,70,31,0,5,0
16019,'1443990',1400,,71,31,0,5,0
16019,'1444348',1800,,72,31,0,5,0
16019,'1444457',900,,73,31,0,5,0
16019,'1444527',800,,74,31,0,5,0
16019,'1444699',700,,75,31,0,5,0
16019,'1471644',700,,76,32,0,6 7,0
16019,'1471645',800,,77,32,0,6 7,0
16019,'1471646',900,,78,32,0,6 7,0
16019,'1471647',1000,,79,32,0,6 7,0
16019,'1471648',1100,,80,32,0,6 7,0
16019,'1471649',1200,,81,32,0,6 7,0
16019,'1471650',1300,,82,32,0,6 7,0
16019,'1471651',1400,,83,32,0,6 7,0
16019,'1471652',1500,,84,32,0,6 7,0
16019,'1471653',1600,,85,32,0,6 7,0
16019,'1471654',1700,,86,32,0,6 7,0
16019,'1471655',1800,,87,32,0,6 7,0
16019,'1471656',1900,,88,32,0,6 7,0
16019,'1471657',730,,89,32,0,6 7,0
16019,'1471658',830,,90,32,0,6 7,0
16019,'1471659',930,,91,32,0,6 7,0
16019,'1471660',1130,,92,33,0,8,0
16019,'1471661',1630,,93,32,0,6 7,0
16019,'1471662',1230,,94,33,0,8,0
16019,'1471663',1330,,95,33,0,8,0
16019,'1471664',1730,,96,32,0,6 7,0
16019,'1471665',1830,,97,32,0,6 7,0
16019,'1471666',1030,,98,33,0,8,0
16019,'1471667',1530,,99,32,0,6 7,0
16019,'1471668',1430,,100,33,0,8,0
901019,'1481211',2254,,299,31,,,0
901019,'1481212',1954,,300,31,,,0
901019,'1481213',2054,,301,31,,,0
901019,'1481214',2154,,302,31,,,0
901019,'1481220',854,,307,31,,,0
901019,'1481221',954,,308,31,,,0
901019,'1481222',1054,,309,31,,,0
901019,'1481223',1154,,310,31,,,0
901019,'1481224',1254,,311,31,,,0
901019,'1481225',1354,,312,31,,,0
901019,'1481226',1454,,313,31,,,0
901019,'1481227',1554,,314,31,,,0
901019,'1481228',1654,,315,31,,,0
901019,'1481229',1754,,316,31,,,0
901019,'1481230',1854,,317,31,,,0
901019,'1481296',2302,,328,31,,,0
901019,'1481297',2002,,329,31,,,0
901019,'1481298',2102,,330,31,,,0
901019,'1481299',2202,,331,31,,,0
