5019,'1442650',1104,,1,4,,,0
5019,'1442688',1004,,2,4,,,0
5019,'1442690',904,,3,4,,,0
5019,'1442938',1704,,4,4,,,0
5019,'1443029',1604,,5,4,,,0
5019,'1443081',804,,6,4,,,0
5019,'1443286',1204,,7,4,,,0
5019,'1443417',1804,,8,4,,,0
5019,'1443735',1404,,9,4,,,0
5019,'1443904',1504,,10,4,,,0
5019,'1443973',704,,11,4,,,0
5019,'1444646',1304,,12,4,,,0
5019,'1468946',704,,13,4,,,0
5019,'1468947',804,,14,4,,,0
5019,'1468948',904,,15,4,,,0
5019,'1468949',1004,,16,4,,,0
5019,'1468950',1104,,17,4,,,0
5019,'1468951',1204,,18,4,,,0
5019,'1468952',1304,,19,4,,,0
5019,'1468953',1404,,20,4,,,0
5019,'1468954',1504,,21,4,,,0
5019,'1468955',1604,,22,4,,,0
5019,'1468956',1704,,23,4,,,0
5019,'1468957',1804,,24,4,,,0
