31019,'1442657',1304,,102,9,,,0
31019,'1442704',1734,,103,9,,,0
31019,'1442731',1104,,104,9,,,0
31019,'1442816',1034,,105,9,,,0
31019,'1442926',804,,106,9,,,0
31019,'1442939',804,,107,9,,,0
31019,'1442988',904,,108,9,,,0
31019,'1443001',1504,,109,9,,,0
31019,'1443020',1004,,110,9,,,0
31019,'1443042',934,,111,9,,,0
31019,'1443050',1304,,112,9,,,0
31019,'1443073',1504,,113,9,,,0
31019,'1443135',1404,,114,9,,,0
31019,'1443141',1534,,115,9,,,0
31019,'1443144',1134,,116,9,,,0
31019,'1443163',1204,,117,9,,,0
31019,'1443412',1434,,118,9,,,0
31019,'1443419',1334,,119,9,,,0
31019,'1443472',1234,,120,9,,,0
31019,'1443548',1404,,121,9,,,0
31019,'1443737',1804,,122,9,,,0
31019,'1443781',1834,,123,9,,,0
31019,'1443831',1804,,124,9,,,0
31019,'1443867',1204,,125,9,,,0
31019,'1443869',1004,,126,9,,,0
31019,'1443890',704,,127,9,,,0
31019,'1443895',704,,128,9,,,0
31019,'1444017',1904,,129,9,,,0
31019,'1444043',904,,130,9,,,0
31019,'1444183',1604,,131,9,,,0
31019,'1444283',1604,,132,9,,,0
31019,'1444351',1104,,133,9,,,0
31019,'1444464',1704,,134,9,,,0
31019,'1444532',834,,135,9,,,0
31019,'1444569',1634,,136,9,,,0
31019,'1444582',734,,137,9,,,0
31019,'1444595',634,,138,9,,,0
31019,'1444704',1904,,139,9,,,0
31019,'1444711',1704,,140,9,,,0
902029,'1442623',2017,,336,20,,,0
902029,'1443277',2117,,343,20,,,0
902029,'1443327',2217,,346,20,,,0
902029,'1443696',2017,,350,20,,,0
902029,'1443801',1517,,353,20,,,0
902029,'1443882',1717,,354,20,,,0
902029,'1444181',1317,,357,20,,,0
902029,'1444215',2217,,358,20,,,0
902029,'1444222',1217,,359,20,,,0
902029,'1444364',1617,,360,20,,,0
902029,'1444425',1117,,361,20,,,0
902029,'1444479',2117,,362,20,,,0
902029,'1444524',1017,,363,20,,,0
