3109,'1442657',1306,,102,12,,,0
3109,'1442704',1736,,103,12,,,0
3109,'1442731',1106,,104,12,,,0
3109,'1442816',1036,,105,12,,,0
3109,'1442926',806,,106,12,,,0
3109,'1442939',806,,107,12,,,0
3109,'1442988',906,,108,12,,,0
3109,'1443001',1506,,109,12,,,0
3109,'1443020',1006,,110,12,,,0
3109,'1443042',936,,111,12,,,0
3109,'1443050',1306,,112,12,,,0
3109,'1443073',1506,,113,12,,,0
3109,'1443135',1406,,114,12,,,0
3109,'1443141',1536,,115,12,,,0
3109,'1443144',1136,,116,12,,,0
3109,'1443163',1206,,117,12,,,0
3109,'1443412',1436,,118,12,,,0
3109,'1443419',1336,,119,12,,,0
3109,'1443472',1236,,120,12,,,0
3109,'1443548',1406,,121,12,,,0
3109,'1443737',1806,,122,12,,,0
3109,'1443781',1836,,123,12,,,0
3109,'1443831',1806,,124,12,,,0
3109,'1443867',1206,,125,12,,,0
3109,'1443869',1006,,126,12,,,0
3109,'1443890',706,,127,12,,,0
3109,'1443895',706,,128,12,,,0
3109,'1444017',1906,,129,12,,,0
3109,'1444043',906,,130,12,,,0
3109,'1444183',1606,,131,12,,,0
3109,'1444283',1606,,132,12,,,0
3109,'1444351',1106,,133,12,,,0
3109,'1444464',1706,,134,12,,,0
3109,'1444532',836,,135,12,,,0
3109,'1444569',1636,,136,12,,,0
3109,'1444582',736,,137,12,,,0
3109,'1444595',636,,138,12,,,0
3109,'1444704',1906,,139,12,,,0
3109,'1444711',1706,,140,12,,,0
90209,'1442623',2020,,336,23,0,13,0
90209,'1443277',2120,,343,23,0,13,0
90209,'1443327',2220,,346,23,0,13,0
90209,'1443696',2020,,350,23,0,13,0
90209,'1443801',1520,,353,23,0,13,0
90209,'1443882',1720,,354,23,0,13,0
90209,'1444181',1320,,357,23,0,13,0
90209,'1444215',2220,,358,23,0,13,0
90209,'1444222',1220,,359,23,0,13,0
90209,'1444364',1620,,360,23,0,13,0
90209,'1444425',1120,,361,23,0,13,0
90209,'1444479',2120,,362,23,0,13,0
90209,'1444524',1020,,363,23,0,13,0
