22209,'1442570',830,,283,1,,,0,27,,283,3,4,,0
22209,'1442649',1653,,284,1,,,0,68,,284,3,4,,0
22209,'1442739',1521,,285,2,4,,0
22209,'1442786',930,,286,1,,,0,27,,286,3,4,,0
22209,'1442958',745,,287,1,,,0,67,,287,3,4,,0
22209,'1443031',2000,,288,1,,,0,28,,288,3,4,,0
22209,'1443337',1930,,289,1,,,0,28,,289,3,4,,0
22209,'1443387',730,,290,1,,,0,27,,290,3,4,,0
22209,'1443677',1523,,291,1,,,0,28,,291,3,4,,0
22209,'1443849',1623,,292,1,,,0,28,,292,3,4,,0
22209,'1443865',1553,,293,1,,,0,68,,293,3,4,,0
22209,'1443871',900,,294,1,,,0,27,,294,3,4,,0
22209,'1443906',1000,,295,1,,,0,27,,295,3,4,,0
22209,'1444101',800,,296,1,,,0,27,,296,3,4,,0
22209,'1444334',845,,297,1,,,0,67,,297,3,4,,0
22209,'1444568',815,,298,1,,,0,27,,298,3,4,,0
