38019,'1481182',634,,231,3,,,0
38019,'1481183',704,,232,3,,,0
38019,'1481184',734,,233,3,,,0
38019,'1481185',804,,234,3,,,0
38019,'1481186',834,,235,3,,,0
38019,'1481187',904,,236,3,,,0
38019,'1481188',934,,237,3,,,0
38019,'1481189',1004,,238,3,,,0
38019,'1481190',1034,,239,3,,,0
38019,'1481191',1104,,240,3,,,0
38019,'1481192',1134,,241,3,,,0
38019,'1481193',1204,,242,3,,,0
38019,'1481194',1234,,243,3,,,0
38019,'1481195',1304,,244,3,,,0
38019,'1481196',1334,,245,3,,,0
38019,'1481197',1404,,246,3,,,0
38019,'1481198',1434,,247,3,,,0
38019,'1481199',1504,,248,3,,,0
38019,'1481200',1534,,249,3,,,0
38019,'1481201',1604,,250,3,,,0
38019,'1481202',1634,,251,3,,,0
38019,'1481203',1704,,252,3,,,0
38019,'1481204',1734,,253,3,,,0
38019,'1481205',1804,,254,3,,,0
38019,'1481206',1834,,255,3,,,0
38019,'1481207',1904,,256,3,,,0
38019,'1481267',634,,257,3,,,0
38019,'1481268',704,,258,3,,,0
38019,'1481269',734,,259,3,,,0
38019,'1481270',804,,260,3,,,0
38019,'1481271',834,,261,3,,,0
38019,'1481272',904,,262,3,,,0
38019,'1481273',934,,263,3,,,0
38019,'1481274',1004,,264,3,,,0
38019,'1481275',1034,,265,3,,,0
38019,'1481276',1104,,266,3,,,0
38019,'1481277',1134,,267,3,,,0
38019,'1481278',1204,,268,3,,,0
38019,'1481279',1234,,269,3,,,0
38019,'1481280',1304,,270,3,,,0
38019,'1481281',1334,,271,3,,,0
38019,'1481282',1404,,272,3,,,0
38019,'1481283',1434,,273,3,,,0
38019,'1481284',1504,,274,3,,,0
38019,'1481285',1534,,275,3,,,0
38019,'1481286',1604,,276,3,,,0
38019,'1481287',1634,,277,3,,,0
38019,'1481288',1704,,278,3,,,0
38019,'1481289',1734,,279,3,,,0
38019,'1481290',1804,,280,3,,,0
38019,'1481291',1834,,281,3,,,0
38019,'1481292',1904,,282,3,,,0
901029,'1481215',2233,,303,3,,,0
901029,'1481216',2133,,304,3,,,0
901029,'1481217',2033,,305,3,,,0
901029,'1481218',1933,,306,3,,,0
901029,'1481231',833,,318,3,,,0
901029,'1481232',933,,319,3,,,0
901029,'1481233',1033,,320,3,,,0
901029,'1481234',1133,,321,3,,,0
901029,'1481235',1233,,322,3,,,0
901029,'1481236',1333,,323,3,,,0
901029,'1481237',1433,,324,3,,,0
901029,'1481238',1533,,325,3,,,0
901029,'1481239',1633,,326,3,,,0
901029,'1481240',1733,,327,3,,,0
901029,'1481300',2233,,332,3,,,0
901029,'1481301',2133,,333,3,,,0
901029,'1481302',2033,,334,3,,,0
901029,'1481303',1933,,335,3,,,0
