3109,'1442657',1310,,102,17,,,0
3109,'1442704',1740,,103,17,,,0
3109,'1442731',1110,,104,17,,,0
3109,'1442816',1040,,105,17,,,0
3109,'1442926',810,,106,17,,,0
3109,'1442939',810,,107,17,,,0
3109,'1442988',910,,108,17,,,0
3109,'1443001',1510,,109,17,,,0
3109,'1443020',1010,,110,17,,,0
3109,'1443042',940,,111,17,,,0
3109,'1443050',1310,,112,17,,,0
3109,'1443073',1510,,113,17,,,0
3109,'1443135',1410,,114,17,,,0
3109,'1443141',1540,,115,17,,,0
3109,'1443144',1140,,116,17,,,0
3109,'1443163',1210,,117,17,,,0
3109,'1443412',1440,,118,17,,,0
3109,'1443419',1340,,119,17,,,0
3109,'1443472',1240,,120,17,,,0
3109,'1443548',1410,,121,17,,,0
3109,'1443737',1810,,122,17,,,0
3109,'1443781',1840,,123,17,,,0
3109,'1443831',1810,,124,17,,,0
3109,'1443867',1210,,125,17,,,0
3109,'1443869',1010,,126,17,,,0
3109,'1443890',710,,127,17,,,0
3109,'1443895',710,,128,17,,,0
3109,'1444017',1910,,129,17,,,0
3109,'1444043',910,,130,17,,,0
3109,'1444183',1610,,131,17,,,0
3109,'1444283',1610,,132,17,,,0
3109,'1444351',1110,,133,17,,,0
3109,'1444464',1710,,134,17,,,0
3109,'1444532',840,,135,17,,,0
3109,'1444569',1640,,136,17,,,0
3109,'1444582',740,,137,17,,,0
3109,'1444595',640,,138,17,,,0
3109,'1444704',1910,,139,17,,,0
3109,'1444711',1710,,140,17,,,0
