609,'1481208',2215,,25,24,,,0
609,'1481209',2115,,26,24,,,0
609,'1481210',2015,,27,24,,,0
609,'1481293',2215,,28,24,,,0
609,'1481294',2115,,29,24,,,0
609,'1481295',2015,,30,24,,,0
709,'1442686',2141,,31,21,,,0
709,'1443170',2041,,32,21,,,0
709,'1443421',2043,,33,21,,,0
709,'1444160',1943,,34,21,,,0
709,'1444518',1941,,35,21,,,0
709,'1444604',2143,,36,21,,,0
3709,'1481156',651,,179,24,,,0
3709,'1481157',721,,180,24,,,0
3709,'1481158',751,,181,24,,,0
3709,'1481159',821,,182,24,,,0
3709,'1481160',851,,183,24,,,0
3709,'1481161',921,,184,24,,,0
3709,'1481162',951,,185,24,,,0
3709,'1481163',1021,,186,24,,,0
3709,'1481164',1051,,187,24,,,0
3709,'1481165',1121,,188,24,,,0
3709,'1481166',1151,,189,24,,,0
3709,'1481167',1221,,190,24,,,0
3709,'1481168',1251,,191,24,,,0
3709,'1481169',1321,,192,24,,,0
3709,'1481170',1351,,193,24,,,0
3709,'1481171',1421,,194,24,,,0
3709,'1481172',1451,,195,24,,,0
3709,'1481173',1521,,196,24,,,0
3709,'1481174',1551,,197,24,,,0
3709,'1481175',1621,,198,24,,,0
3709,'1481176',1651,,199,24,,,0
3709,'1481177',1721,,200,24,,,0
3709,'1481178',1751,,201,24,,,0
3709,'1481179',1821,,202,24,,,0
3709,'1481180',1851,,203,24,,,0
3709,'1481181',1921,,204,24,,,0
3709,'1481241',651,,205,24,,,0
3709,'1481242',721,,206,24,,,0
3709,'1481243',751,,207,24,,,0
3709,'1481244',821,,208,24,,,0
3709,'1481245',851,,209,24,,,0
3709,'1481246',921,,210,24,,,0
3709,'1481247',951,,211,24,,,0
3709,'1481248',1021,,212,24,,,0
3709,'1481249',1051,,213,24,,,0
3709,'1481250',1121,,214,24,,,0
3709,'1481251',1151,,215,24,,,0
3709,'1481252',1221,,216,24,,,0
3709,'1481253',1251,,217,24,,,0
3709,'1481254',1321,,218,24,,,0
3709,'1481255',1351,,219,24,,,0
3709,'1481256',1421,,220,24,,,0
3709,'1481257',1451,,221,24,,,0
3709,'1481258',1521,,222,24,,,0
3709,'1481259',1551,,223,24,,,0
3709,'1481260',1621,,224,24,,,0
3709,'1481261',1651,,225,24,,,0
3709,'1481262',1721,,226,24,,,0
3709,'1481263',1751,,227,24,,,0
3709,'1481264',1821,,228,24,,,0
3709,'1481265',1851,,229,24,,,0
3709,'1481266',1921,,230,24,,,0
3809,'1481182',712,,231,52,,,0
3809,'1481183',742,,232,52,,,0
3809,'1481184',812,,233,52,,,0
3809,'1481185',842,,234,52,,,0
3809,'1481186',912,,235,52,,,0
3809,'1481187',942,,236,52,,,0
3809,'1481188',1012,,237,52,,,0
3809,'1481189',1042,,238,52,,,0
3809,'1481190',1112,,239,52,,,0
3809,'1481191',1142,,240,52,,,0
3809,'1481192',1212,,241,52,,,0
3809,'1481193',1242,,242,52,,,0
3809,'1481194',1312,,243,52,,,0
3809,'1481195',1342,,244,52,,,0
3809,'1481196',1412,,245,52,,,0
3809,'1481197',1442,,246,52,,,0
3809,'1481198',1512,,247,52,,,0
3809,'1481199',1542,,248,52,,,0
3809,'1481200',1612,,249,52,,,0
3809,'1481201',1642,,250,52,,,0
3809,'1481202',1712,,251,52,,,0
3809,'1481203',1742,,252,52,,,0
3809,'1481204',1812,,253,52,,,0
3809,'1481205',1842,,254,52,,,0
3809,'1481206',1912,,255,52,,,0
3809,'1481207',1942,,256,52,,,0
3809,'1481267',712,,257,52,,,0
3809,'1481268',742,,258,52,,,0
3809,'1481269',812,,259,52,,,0
3809,'1481270',842,,260,52,,,0
3809,'1481271',912,,261,52,,,0
3809,'1481272',942,,262,52,,,0
3809,'1481273',1012,,263,52,,,0
3809,'1481274',1042,,264,52,,,0
3809,'1481275',1112,,265,52,,,0
3809,'1481276',1142,,266,52,,,0
3809,'1481277',1212,,267,52,,,0
3809,'1481278',1242,,268,52,,,0
3809,'1481279',1312,,269,52,,,0
3809,'1481280',1342,,270,52,,,0
3809,'1481281',1412,,271,52,,,0
3809,'1481282',1442,,272,52,,,0
3809,'1481283',1512,,273,52,,,0
3809,'1481284',1542,,274,52,,,0
3809,'1481285',1612,,275,52,,,0
3809,'1481286',1642,,276,52,,,0
3809,'1481287',1712,,277,52,,,0
3809,'1481288',1742,,278,52,,,0
3809,'1481289',1812,,279,52,,,0
3809,'1481290',1842,,280,52,,,0
3809,'1481291',1915,,281,52,,,0
3809,'1481292',1945,,282,52,,,0
90109,'1481215',2302,,303,38,0,11 12,0
90109,'1481216',2202,,304,38,0,11 12,0
90109,'1481217',2102,,305,38,0,11 12,0
90109,'1481218',2002,,306,38,0,11 12,0
90109,'1481231',902,,318,38,0,11 12,0
90109,'1481232',1002,,319,38,0,11 12,0
90109,'1481233',1102,,320,38,0,11 12,0
90109,'1481234',1202,,321,38,0,11 12,0
90109,'1481235',1302,,322,38,0,11 12,0
90109,'1481236',1402,,323,38,0,11 12,0
90109,'1481237',1502,,324,38,0,11 12,0
90109,'1481238',1602,,325,38,0,11 12,0
90109,'1481239',1702,,326,38,0,11 12,0
90109,'1481240',1802,,327,38,0,11 12,0
90109,'1481300',2304,,332,38,0,11 12,0
90109,'1481301',2204,,333,38,0,11 12,0
90109,'1481302',2104,,334,38,0,11 12,0
90109,'1481303',2004,,335,38,0,11 12,0
7600009,'1442746',1014,,364,26,,,0
7600009,'1442836',1144,,365,26,,,0
7600009,'1442868',1244,,366,26,,,0
7600009,'1442936',1444,,367,26,,,0
7600009,'1442948',1314,,368,26,,,0
7600009,'1442960',1114,,369,26,,,0
7600009,'1443166',1514,,370,26,,,0
7600009,'1443237',1614,,371,26,,,0
7600009,'1443568',1644,,372,26,,,0
7600009,'1443930',1714,,373,26,,,0
7600009,'1444078',1214,,374,26,,,0
7600009,'1444147',1744,,375,26,,,0
7600009,'1444253',1044,,376,26,,,0
7600009,'1444707',1544,,377,26,,,0
