5019,'1442650',1110,,1,10,,,0
5019,'1442688',1010,,2,10,,,0
5019,'1442690',910,,3,10,,,0
5019,'1442938',1710,,4,10,,,0
5019,'1443029',1610,,5,10,,,0
5019,'1443081',810,,6,10,,,0
5019,'1443286',1210,,7,10,,,0
5019,'1443417',1810,,8,10,,,0
5019,'1443735',1410,,9,10,,,0
5019,'1443904',1510,,10,10,,,0
5019,'1443973',710,,11,10,,,0
5019,'1444646',1310,,12,10,,,0
5019,'1468946',710,,13,10,,,0
5019,'1468947',810,,14,10,,,0
5019,'1468948',910,,15,10,,,0
5019,'1468949',1010,,16,10,,,0
5019,'1468950',1110,,17,10,,,0
5019,'1468951',1210,,18,10,,,0
5019,'1468952',1310,,19,10,,,0
5019,'1468953',1410,,20,10,,,0
5019,'1468954',1510,,21,10,,,0
5019,'1468955',1610,,22,10,,,0
5019,'1468956',1710,,23,10,,,0
5019,'1468957',1810,,24,10,,,0
