609,'1481208',2211,,25,19,,,0
609,'1481209',2111,,26,19,,,0
609,'1481210',2011,,27,19,,,0
609,'1481293',2211,,28,19,,,0
609,'1481294',2111,,29,19,,,0
609,'1481295',2011,,30,19,,,0
3709,'1481156',647,,179,19,,,0
3709,'1481157',717,,180,19,,,0
3709,'1481158',747,,181,19,,,0
3709,'1481159',817,,182,19,,,0
3709,'1481160',847,,183,19,,,0
3709,'1481161',917,,184,19,,,0
3709,'1481162',947,,185,19,,,0
3709,'1481163',1017,,186,19,,,0
3709,'1481164',1047,,187,19,,,0
3709,'1481165',1117,,188,19,,,0
3709,'1481166',1147,,189,19,,,0
3709,'1481167',1217,,190,19,,,0
3709,'1481168',1247,,191,19,,,0
3709,'1481169',1317,,192,19,,,0
3709,'1481170',1347,,193,19,,,0
3709,'1481171',1417,,194,19,,,0
3709,'1481172',1447,,195,19,,,0
3709,'1481173',1517,,196,19,,,0
3709,'1481174',1547,,197,19,,,0
3709,'1481175',1617,,198,19,,,0
3709,'1481176',1647,,199,19,,,0
3709,'1481177',1717,,200,19,,,0
3709,'1481178',1747,,201,19,,,0
3709,'1481179',1817,,202,19,,,0
3709,'1481180',1847,,203,19,,,0
3709,'1481181',1917,,204,19,,,0
3709,'1481241',647,,205,19,,,0
3709,'1481242',717,,206,19,,,0
3709,'1481243',747,,207,19,,,0
3709,'1481244',817,,208,19,,,0
3709,'1481245',847,,209,19,,,0
3709,'1481246',917,,210,19,,,0
3709,'1481247',947,,211,19,,,0
3709,'1481248',1017,,212,19,,,0
3709,'1481249',1047,,213,19,,,0
3709,'1481250',1117,,214,19,,,0
3709,'1481251',1147,,215,19,,,0
3709,'1481252',1217,,216,19,,,0
3709,'1481253',1247,,217,19,,,0
3709,'1481254',1317,,218,19,,,0
3709,'1481255',1347,,219,19,,,0
3709,'1481256',1417,,220,19,,,0
3709,'1481257',1447,,221,19,,,0
3709,'1481258',1517,,222,19,,,0
3709,'1481259',1547,,223,19,,,0
3709,'1481260',1617,,224,19,,,0
3709,'1481261',1647,,225,19,,,0
3709,'1481262',1717,,226,19,,,0
3709,'1481263',1747,,227,19,,,0
3709,'1481264',1817,,228,19,,,0
3709,'1481265',1847,,229,19,,,0
3709,'1481266',1917,,230,19,,,0
3809,'1481182',704,,231,47,,,0
3809,'1481183',734,,232,47,,,0
3809,'1481184',804,,233,47,,,0
3809,'1481185',834,,234,47,,,0
3809,'1481186',904,,235,47,,,0
3809,'1481187',934,,236,47,,,0
3809,'1481188',1004,,237,47,,,0
3809,'1481189',1034,,238,47,,,0
3809,'1481190',1104,,239,47,,,0
3809,'1481191',1134,,240,47,,,0
3809,'1481192',1204,,241,47,,,0
3809,'1481193',1234,,242,47,,,0
3809,'1481194',1304,,243,47,,,0
3809,'1481195',1334,,244,47,,,0
3809,'1481196',1404,,245,47,,,0
3809,'1481197',1434,,246,47,,,0
3809,'1481198',1504,,247,47,,,0
3809,'1481199',1534,,248,47,,,0
3809,'1481200',1604,,249,47,,,0
3809,'1481201',1634,,250,47,,,0
3809,'1481202',1704,,251,47,,,0
3809,'1481203',1734,,252,47,,,0
3809,'1481204',1804,,253,47,,,0
3809,'1481205',1834,,254,47,,,0
3809,'1481206',1904,,255,47,,,0
3809,'1481207',1934,,256,47,,,0
3809,'1481267',704,,257,47,,,0
3809,'1481268',734,,258,47,,,0
3809,'1481269',804,,259,47,,,0
3809,'1481270',834,,260,47,,,0
3809,'1481271',904,,261,47,,,0
3809,'1481272',934,,262,47,,,0
3809,'1481273',1004,,263,47,,,0
3809,'1481274',1034,,264,47,,,0
3809,'1481275',1104,,265,47,,,0
3809,'1481276',1134,,266,47,,,0
3809,'1481277',1204,,267,47,,,0
3809,'1481278',1234,,268,47,,,0
3809,'1481279',1304,,269,47,,,0
3809,'1481280',1334,,270,47,,,0
3809,'1481281',1404,,271,47,,,0
3809,'1481282',1434,,272,47,,,0
3809,'1481283',1504,,273,47,,,0
3809,'1481284',1534,,274,47,,,0
3809,'1481285',1604,,275,47,,,0
3809,'1481286',1634,,276,47,,,0
3809,'1481287',1704,,277,47,,,0
3809,'1481288',1734,,278,47,,,0
3809,'1481289',1804,,279,47,,,0
3809,'1481290',1834,,280,47,,,0
3809,'1481291',1908,,281,47,,,0
3809,'1481292',1938,,282,47,,,0
90109,'1481215',2258,,303,33,0,11 12,0
90109,'1481216',2158,,304,33,0,11 12,0
90109,'1481217',2058,,305,33,0,11 12,0
90109,'1481218',1958,,306,33,0,11 12,0
90109,'1481231',858,,318,33,0,11 12,0
90109,'1481232',958,,319,33,0,11 12,0
90109,'1481233',1058,,320,33,0,11 12,0
90109,'1481234',1158,,321,33,0,11 12,0
90109,'1481235',1258,,322,33,0,11 12,0
90109,'1481236',1358,,323,33,0,11 12,0
90109,'1481237',1458,,324,33,0,11 12,0
90109,'1481238',1558,,325,33,0,11 12,0
90109,'1481239',1658,,326,33,0,11 12,0
90109,'1481240',1758,,327,33,0,11 12,0
90109,'1481300',2258,,332,33,0,11 12,0
90109,'1481301',2158,,333,33,0,11 12,0
90109,'1481302',2058,,334,33,0,11 12,0
90109,'1481303',1958,,335,33,0,11 12,0
