1609,'1442759',1142,,63,12,0,5,0
1609,'1442908',1642,,64,12,0,5,0
1609,'1443382',1542,,65,12,0,5,0
1609,'1443639',942,,66,12,0,5,0
1609,'1443689',1842,,67,12,0,5,0
1609,'1443695',1042,,68,12,0,5,0
1609,'1443794',1242,,69,12,0,5,0
1609,'1443910',1442,,70,12,0,5,0
1609,'1443990',1342,,71,12,0,5,0
1609,'1444348',1742,,72,12,0,5,0
1609,'1444457',842,,73,12,0,5,0
1609,'1444527',742,,74,12,0,5,0
1609,'1444699',642,,75,12,0,5,0
1609,'1471644',642,,76,12,0,6 7,0
1609,'1471645',742,,77,12,0,6 7,0
1609,'1471646',842,,78,12,0,6 7,0
1609,'1471647',942,,79,12,0,6 7,0
1609,'1471648',1042,,80,12,0,6 7,0
1609,'1471649',1142,,81,12,0,6 7,0
1609,'1471650',1242,,82,12,0,6 7,0
1609,'1471651',1342,,83,12,0,6 7,0
1609,'1471652',1442,,84,12,0,6 7,0
1609,'1471653',1542,,85,12,0,6 7,0
1609,'1471654',1642,,86,12,0,6 7,0
1609,'1471655',1742,,87,12,0,6 7,0
1609,'1471656',1842,,88,12,0,6 7,0
1609,'1471657',712,,89,12,0,6 7,0
1609,'1471658',812,,90,12,0,6 7,0
1609,'1471659',912,,91,12,0,6 7,0
1609,'1471660',1112,,92,12,0,8,0
1609,'1471661',1612,,93,12,0,6 7,0
1609,'1471662',1212,,94,12,0,8,0
1609,'1471663',1312,,95,12,0,8,0
1609,'1471664',1712,,96,12,0,6 7,0
1609,'1471665',1812,,97,12,0,6 7,0
1609,'1471666',1012,,98,12,0,8,0
1609,'1471667',1512,,99,12,0,6 7,0
1609,'1471668',1412,,100,12,0,8,0
90109,'1481211',2240,,299,12,0,6,0
90109,'1481212',1940,,300,12,0,6,0
90109,'1481213',2040,,301,12,0,6,0
90109,'1481214',2140,,302,12,0,6,0
90109,'1481220',840,,307,12,0,6,0
90109,'1481221',940,,308,12,0,6,0
90109,'1481222',1040,,309,12,0,6,0
90109,'1481223',1140,,310,12,0,6,0
90109,'1481224',1240,,311,12,0,6,0
90109,'1481225',1340,,312,12,0,6,0
90109,'1481226',1440,,313,12,0,6,0
90109,'1481227',1540,,314,12,0,6,0
90109,'1481228',1640,,315,12,0,6,0
90109,'1481229',1740,,316,12,0,6,0
90109,'1481230',1840,,317,12,0,6,0
90109,'1481296',2240,,328,12,0,6,0
90109,'1481297',1940,,329,12,0,6,0
90109,'1481298',2040,,330,12,0,6,0
90109,'1481299',2140,,331,12,0,6,0
