9019,'1442574',1341,,37,18,,,0
9019,'1442601',1441,,38,18,,,0
9019,'1442683',1241,,39,18,,,0
9019,'1442720',741,,40,18,,,0
9019,'1442725',1341,,41,18,,,0
9019,'1442740',1541,,42,18,,,0
9019,'1442981',1541,,43,18,,,0
9019,'1443060',1041,,44,18,,,0
9019,'1443114',841,,45,18,,,0
9019,'1443507',741,,46,18,,,0
9019,'1443572',1841,,47,18,,,0
9019,'1443665',841,,48,18,,,0
9019,'1443760',1441,,49,18,,,0
9019,'1444093',941,,50,18,,,0
9019,'1444114',1641,,51,18,,,0
9019,'1444140',1641,,52,18,,,0
9019,'1444157',1741,,53,18,,,0
9019,'1444177',641,,54,18,,,0
9019,'1444202',941,,55,18,,,0
9019,'1444275',1141,,56,18,,,0
9019,'1444286',641,,57,18,,,0
9019,'1444316',1741,,58,18,,,0
9019,'1444336',1041,,59,18,,,0
9019,'1444355',1241,,60,18,,,0
9019,'1444529',1841,,61,18,,,0
9019,'1444681',1141,,62,18,,,0
