16019,'1442759',1210,,63,42,0,5,0
16019,'1442908',1710,,64,42,0,5,0
16019,'1443382',1610,,65,42,0,5,0
16019,'1443639',1010,,66,42,0,5,0
16019,'1443689',1910,,67,42,0,5,0
16019,'1443695',1110,,68,42,0,5,0
16019,'1443794',1310,,69,42,0,5,0
16019,'1443910',1510,,70,42,0,5,0
16019,'1443990',1410,,71,42,0,5,0
16019,'1444348',1810,,72,42,0,5,0
16019,'1444457',910,,73,42,0,5,0
16019,'1444527',810,,74,42,0,5,0
16019,'1444699',710,,75,42,0,5,0
16019,'1471644',710,,76,44,0,6 7,0
16019,'1471645',810,,77,44,0,6 7,0
16019,'1471646',910,,78,44,0,6 7,0
16019,'1471647',1010,,79,44,0,6 7,0
16019,'1471648',1110,,80,44,0,6 7,0
16019,'1471649',1210,,81,44,0,6 7,0
16019,'1471650',1310,,82,44,0,6 7,0
16019,'1471651',1410,,83,44,0,6 7,0
16019,'1471652',1510,,84,44,0,6 7,0
16019,'1471653',1610,,85,44,0,6 7,0
16019,'1471654',1710,,86,44,0,6 7,0
16019,'1471655',1810,,87,44,0,6 7,0
16019,'1471656',1910,,88,44,0,6 7,0
16019,'1471657',740,,89,44,0,6 7,0
16019,'1471658',840,,90,44,0,6 7,0
16019,'1471659',940,,91,44,0,6 7,0
16019,'1471660',1140,,92,45,0,8,0
16019,'1471661',1640,,93,44,0,6 7,0
16019,'1471662',1240,,94,45,0,8,0
16019,'1471663',1340,,95,45,0,8,0
16019,'1471664',1740,,96,44,0,6 7,0
16019,'1471665',1840,,97,44,0,6 7,0
16019,'1471666',1040,,98,45,0,8,0
16019,'1471667',1540,,99,44,0,6 7,0
16019,'1471668',1440,,100,45,0,8,0
901019,'1481211',2302,,299,42,,,0
901019,'1481212',2002,,300,42,,,0
901019,'1481213',2102,,301,42,,,0
901019,'1481214',2202,,302,42,,,0
901019,'1481220',902,,307,42,,,0
901019,'1481221',1002,,308,42,,,0
901019,'1481222',1102,,309,42,,,0
901019,'1481223',1202,,310,42,,,0
901019,'1481224',1302,,311,42,,,0
901019,'1481225',1402,,312,42,,,0
901019,'1481226',1502,,313,42,,,0
901019,'1481227',1602,,314,42,,,0
901019,'1481228',1702,,315,42,,,0
901019,'1481229',1802,,316,42,,,0
901019,'1481230',1902,,317,42,,,0
901019,'1481296',2309,,328,42,,,0
901019,'1481297',2009,,329,42,,,0
901019,'1481298',2109,,330,42,,,0
901019,'1481299',2209,,331,42,,,0
