3709,'1481156',715,,179,59,,,0
3709,'1481157',745,,180,59,,,0
3709,'1481158',815,,181,59,,,0
3709,'1481159',845,,182,59,,,0
3709,'1481160',915,,183,59,,,0
3709,'1481161',945,,184,59,,,0
3709,'1481162',1015,,185,59,,,0
3709,'1481163',1045,,186,59,,,0
3709,'1481164',1115,,187,59,,,0
3709,'1481165',1145,,188,59,,,0
3709,'1481166',1215,,189,59,,,0
3709,'1481167',1245,,190,59,,,0
3709,'1481168',1315,,191,59,,,0
3709,'1481169',1345,,192,59,,,0
3709,'1481170',1415,,193,59,,,0
3709,'1481171',1445,,194,59,,,0
3709,'1481172',1515,,195,59,,,0
3709,'1481173',1545,,196,59,,,0
3709,'1481174',1615,,197,59,,,0
3709,'1481175',1645,,198,59,,,0
3709,'1481176',1715,,199,59,,,0
3709,'1481177',1745,,200,59,,,0
3709,'1481178',1815,,201,59,,,0
3709,'1481179',1845,,202,59,,,0
3709,'1481180',1915,,203,59,,,0
3709,'1481181',1945,,204,59,,,0
3709,'1481241',718,,205,59,,,0
3709,'1481242',748,,206,59,,,0
3709,'1481243',818,,207,59,,,0
3709,'1481244',848,,208,59,,,0
3709,'1481245',918,,209,59,,,0
3709,'1481246',948,,210,59,,,0
3709,'1481247',1018,,211,59,,,0
3709,'1481248',1048,,212,59,,,0
3709,'1481249',1118,,213,59,,,0
3709,'1481250',1148,,214,59,,,0
3709,'1481251',1218,,215,59,,,0
3709,'1481252',1248,,216,59,,,0
3709,'1481253',1318,,217,59,,,0
3709,'1481254',1348,,218,59,,,0
3709,'1481255',1418,,219,59,,,0
3709,'1481256',1448,,220,59,,,0
3709,'1481257',1518,,221,59,,,0
3709,'1481258',1548,,222,59,,,0
3709,'1481259',1618,,223,59,,,0
3709,'1481260',1648,,224,59,,,0
3709,'1481261',1718,,225,59,,,0
3709,'1481262',1748,,226,59,,,0
3709,'1481263',1818,,227,59,,,0
3709,'1481264',1848,,228,59,,,0
3709,'1481265',1918,,229,59,,,0
3709,'1481266',1948,,230,59,,,0
