38019,'1481182',641,,231,13,,,0
38019,'1481183',711,,232,13,,,0
38019,'1481184',741,,233,13,,,0
38019,'1481185',811,,234,13,,,0
38019,'1481186',841,,235,13,,,0
38019,'1481187',911,,236,13,,,0
38019,'1481188',941,,237,13,,,0
38019,'1481189',1011,,238,13,,,0
38019,'1481190',1041,,239,13,,,0
38019,'1481191',1111,,240,13,,,0
38019,'1481192',1141,,241,13,,,0
38019,'1481193',1211,,242,13,,,0
38019,'1481194',1241,,243,13,,,0
38019,'1481195',1311,,244,13,,,0
38019,'1481196',1341,,245,13,,,0
38019,'1481197',1411,,246,13,,,0
38019,'1481198',1441,,247,13,,,0
38019,'1481199',1511,,248,13,,,0
38019,'1481200',1541,,249,13,,,0
38019,'1481201',1611,,250,13,,,0
38019,'1481202',1641,,251,13,,,0
38019,'1481203',1711,,252,13,,,0
38019,'1481204',1741,,253,13,,,0
38019,'1481205',1811,,254,13,,,0
38019,'1481206',1841,,255,13,,,0
38019,'1481207',1911,,256,13,,,0
38019,'1481267',641,,257,13,,,0
38019,'1481268',711,,258,13,,,0
38019,'1481269',741,,259,13,,,0
38019,'1481270',811,,260,13,,,0
38019,'1481271',841,,261,13,,,0
38019,'1481272',911,,262,13,,,0
38019,'1481273',941,,263,13,,,0
38019,'1481274',1011,,264,13,,,0
38019,'1481275',1041,,265,13,,,0
38019,'1481276',1111,,266,13,,,0
38019,'1481277',1141,,267,13,,,0
38019,'1481278',1211,,268,13,,,0
38019,'1481279',1241,,269,13,,,0
38019,'1481280',1311,,270,13,,,0
38019,'1481281',1341,,271,13,,,0
38019,'1481282',1411,,272,13,,,0
38019,'1481283',1441,,273,13,,,0
38019,'1481284',1511,,274,13,,,0
38019,'1481285',1541,,275,13,,,0
38019,'1481286',1611,,276,13,,,0
38019,'1481287',1641,,277,13,,,0
38019,'1481288',1711,,278,13,,,0
38019,'1481289',1741,,279,13,,,0
38019,'1481290',1811,,280,13,,,0
38019,'1481291',1841,,281,13,,,0
38019,'1481292',1911,,282,13,,,0
901029,'1481215',2240,,303,15,,,0
901029,'1481216',2140,,304,15,,,0
901029,'1481217',2040,,305,15,,,0
901029,'1481218',1940,,306,15,,,0
901029,'1481231',840,,318,15,,,0
901029,'1481232',940,,319,15,,,0
901029,'1481233',1040,,320,15,,,0
901029,'1481234',1140,,321,15,,,0
901029,'1481235',1240,,322,15,,,0
901029,'1481236',1340,,323,15,,,0
901029,'1481237',1440,,324,15,,,0
901029,'1481238',1540,,325,15,,,0
901029,'1481239',1640,,326,15,,,0
901029,'1481240',1740,,327,15,,,0
901029,'1481300',2240,,332,15,,,0
901029,'1481301',2140,,333,15,,,0
901029,'1481302',2040,,334,15,,,0
901029,'1481303',1940,,335,15,,,0
