5019,'1442650',1122,,1,25,,,0
5019,'1442688',1022,,2,25,,,0
5019,'1442690',922,,3,25,,,0
5019,'1442938',1722,,4,25,,,0
5019,'1443029',1622,,5,25,,,0
5019,'1443081',822,,6,25,,,0
5019,'1443286',1222,,7,25,,,0
5019,'1443417',1822,,8,25,,,0
5019,'1443735',1422,,9,25,,,0
5019,'1443904',1522,,10,25,,,0
5019,'1443973',722,,11,25,,,0
5019,'1444646',1322,,12,25,,,0
5019,'1468946',722,,13,25,,,0
5019,'1468947',822,,14,25,,,0
5019,'1468948',922,,15,25,,,0
5019,'1468949',1022,,16,25,,,0
5019,'1468950',1122,,17,25,,,0
5019,'1468951',1222,,18,25,,,0
5019,'1468952',1322,,19,25,,,0
5019,'1468953',1422,,20,25,,,0
5019,'1468954',1522,,21,25,,,0
5019,'1468955',1622,,22,25,,,0
5019,'1468956',1722,,23,25,,,0
5019,'1468957',1822,,24,25,,,0
901029,'1481215',2319,,303,55,,,0
901029,'1481216',2219,,304,55,,,0
901029,'1481217',2119,,305,55,,,0
901029,'1481218',2019,,306,55,,,0
901029,'1481231',919,,318,55,,,0
901029,'1481232',1019,,319,55,,,0
901029,'1481233',1119,,320,55,,,0
901029,'1481234',1219,,321,55,,,0
901029,'1481235',1319,,322,55,,,0
901029,'1481236',1419,,323,55,,,0
901029,'1481237',1519,,324,55,,,0
901029,'1481238',1619,,325,55,,,0
901029,'1481239',1719,,326,55,,,0
901029,'1481240',1819,,327,55,,,0
901029,'1481300',2322,,332,55,,,0
901029,'1481301',2222,,333,55,,,0
901029,'1481302',2122,,334,55,,,0
901029,'1481303',2022,,335,55,,,0
