16019,'1442759',1157,,63,28,0,5,0
16019,'1442908',1657,,64,28,0,5,0
16019,'1443382',1557,,65,28,0,5,0
16019,'1443639',957,,66,28,0,5,0
16019,'1443689',1857,,67,28,0,5,0
16019,'1443695',1057,,68,28,0,5,0
16019,'1443794',1257,,69,28,0,5,0
16019,'1443910',1457,,70,28,0,5,0
16019,'1443990',1357,,71,28,0,5,0
16019,'1444348',1757,,72,28,0,5,0
16019,'1444457',857,,73,28,0,5,0
16019,'1444527',757,,74,28,0,5,0
16019,'1444699',657,,75,28,0,5,0
16019,'1471644',657,,76,29,0,6 7,0
16019,'1471645',757,,77,29,0,6 7,0
16019,'1471646',857,,78,29,0,6 7,0
16019,'1471647',957,,79,29,0,6 7,0
16019,'1471648',1057,,80,29,0,6 7,0
16019,'1471649',1157,,81,29,0,6 7,0
16019,'1471650',1257,,82,29,0,6 7,0
16019,'1471651',1357,,83,29,0,6 7,0
16019,'1471652',1457,,84,29,0,6 7,0
16019,'1471653',1557,,85,29,0,6 7,0
16019,'1471654',1657,,86,29,0,6 7,0
16019,'1471655',1757,,87,29,0,6 7,0
16019,'1471656',1857,,88,29,0,6 7,0
16019,'1471657',727,,89,29,0,6 7,0
16019,'1471658',827,,90,29,0,6 7,0
16019,'1471659',927,,91,29,0,6 7,0
16019,'1471660',1127,,92,30,0,8,0
16019,'1471661',1627,,93,29,0,6 7,0
16019,'1471662',1227,,94,30,0,8,0
16019,'1471663',1327,,95,30,0,8,0
16019,'1471664',1727,,96,29,0,6 7,0
16019,'1471665',1827,,97,29,0,6 7,0
16019,'1471666',1027,,98,30,0,8,0
16019,'1471667',1527,,99,29,0,6 7,0
16019,'1471668',1427,,100,30,0,8,0
901019,'1481211',2252,,299,28,,,0
901019,'1481212',1952,,300,28,,,0
901019,'1481213',2052,,301,28,,,0
901019,'1481214',2152,,302,28,,,0
901019,'1481220',852,,307,28,,,0
901019,'1481221',952,,308,28,,,0
901019,'1481222',1052,,309,28,,,0
901019,'1481223',1152,,310,28,,,0
901019,'1481224',1252,,311,28,,,0
901019,'1481225',1352,,312,28,,,0
901019,'1481226',1452,,313,28,,,0
901019,'1481227',1552,,314,28,,,0
901019,'1481228',1652,,315,28,,,0
901019,'1481229',1752,,316,28,,,0
901019,'1481230',1852,,317,28,,,0
901019,'1481296',2259,,328,28,,,0
901019,'1481297',1959,,329,28,,,0
901019,'1481298',2059,,330,28,,,0
901019,'1481299',2159,,331,28,,,0
