38019,'1481182',640,,231,10,,,0
38019,'1481183',710,,232,10,,,0
38019,'1481184',740,,233,10,,,0
38019,'1481185',810,,234,10,,,0
38019,'1481186',840,,235,10,,,0
38019,'1481187',910,,236,10,,,0
38019,'1481188',940,,237,10,,,0
38019,'1481189',1010,,238,10,,,0
38019,'1481190',1040,,239,10,,,0
38019,'1481191',1110,,240,10,,,0
38019,'1481192',1140,,241,10,,,0
38019,'1481193',1210,,242,10,,,0
38019,'1481194',1240,,243,10,,,0
38019,'1481195',1310,,244,10,,,0
38019,'1481196',1340,,245,10,,,0
38019,'1481197',1410,,246,10,,,0
38019,'1481198',1440,,247,10,,,0
38019,'1481199',1510,,248,10,,,0
38019,'1481200',1540,,249,10,,,0
38019,'1481201',1610,,250,10,,,0
38019,'1481202',1640,,251,10,,,0
38019,'1481203',1710,,252,10,,,0
38019,'1481204',1740,,253,10,,,0
38019,'1481205',1810,,254,10,,,0
38019,'1481206',1840,,255,10,,,0
38019,'1481207',1910,,256,10,,,0
38019,'1481267',640,,257,10,,,0
38019,'1481268',710,,258,10,,,0
38019,'1481269',740,,259,10,,,0
38019,'1481270',810,,260,10,,,0
38019,'1481271',840,,261,10,,,0
38019,'1481272',910,,262,10,,,0
38019,'1481273',940,,263,10,,,0
38019,'1481274',1010,,264,10,,,0
38019,'1481275',1040,,265,10,,,0
38019,'1481276',1110,,266,10,,,0
38019,'1481277',1140,,267,10,,,0
38019,'1481278',1210,,268,10,,,0
38019,'1481279',1240,,269,10,,,0
38019,'1481280',1310,,270,10,,,0
38019,'1481281',1340,,271,10,,,0
38019,'1481282',1410,,272,10,,,0
38019,'1481283',1440,,273,10,,,0
38019,'1481284',1510,,274,10,,,0
38019,'1481285',1540,,275,10,,,0
38019,'1481286',1610,,276,10,,,0
38019,'1481287',1640,,277,10,,,0
38019,'1481288',1710,,278,10,,,0
38019,'1481289',1740,,279,10,,,0
38019,'1481290',1810,,280,10,,,0
38019,'1481291',1840,,281,10,,,0
38019,'1481292',1910,,282,10,,,0
901029,'1481215',2239,,303,12,,,0
901029,'1481216',2139,,304,12,,,0
901029,'1481217',2039,,305,12,,,0
901029,'1481218',1939,,306,12,,,0
901029,'1481231',839,,318,12,,,0
901029,'1481232',939,,319,12,,,0
901029,'1481233',1039,,320,12,,,0
901029,'1481234',1139,,321,12,,,0
901029,'1481235',1239,,322,12,,,0
901029,'1481236',1339,,323,12,,,0
901029,'1481237',1439,,324,12,,,0
901029,'1481238',1539,,325,12,,,0
901029,'1481239',1639,,326,12,,,0
901029,'1481240',1739,,327,12,,,0
901029,'1481300',2239,,332,12,,,0
901029,'1481301',2139,,333,12,,,0
901029,'1481302',2039,,334,12,,,0
901029,'1481303',1939,,335,12,,,0
