509,1821,1,0,0
509,1904,2,0,0
509,1903,3,0,0
509,1898,4,0,0
509,1729,5,0,0
509,1814,6,0,0
509,1844,7,0,0
509,1612,8,0,0
509,1726,9,0,0
509,1738,10,0,0
509,1737,11,0,0
509,1453,12,0,0
509,1909,13,0,0
509,1886,14,0,0
509,1887,15,0,0
509,1890,16,0,0
509,1888,17,0,0
509,1892,18,0,0
509,1608,19,0,0
509,1611,20,0,0
509,1796,21,0,0
509,1811,22,0,0
509,1629,23,0,0
509,1656,24,0,0
509,1609,25,0,0
509,1623,26,0,0
509,1878,27,0,0
509,1812,28,0,0
609,1988,1,0,0
609,1805,2,0,0
609,1881,3,0,0
609,1454,4,0,0
609,1697,5,0,0
609,1675,6,0,0
609,1554,7,0,0
609,1809,8,0,0
609,1519,9,0,0
609,1665,10,0,0
609,1586,11,0,0
609,1871,12,0,0
609,1626,13,0,0
609,1713,14,0,0
609,1715,15,0,0
609,1732,16,0,0
609,1518,17,0,0
609,1905,18,0,0
609,1798,19,0,0
609,1799,20,0,0
609,1555,21,0,0
609,1473,22,0,0
609,1670,23,0,0
609,1678,24,0,0
609,1714,25,0,0
609,1560,26,0,0
609,1698,27,0,0
609,1673,28,0,0
609,1711,29,0,0
609,1689,30,0,0
609,1534,31,0,0
609,1812,32,0,0
709,1989,1,0,0
709,1805,2,0,0
709,1881,3,0,0
709,1454,4,0,0
709,1697,5,0,0
709,1675,6,0,0
709,1495,7,0,0
709,1499,8,0,0
709,1641,9,0,0
709,1633,10,0,0
709,1640,11,0,0
709,1771,12,0,0
709,1645,13,0,0
709,1632,14,0,0
709,1638,15,0,0
709,1644,16,0,0
709,1668,17,0,0
709,1688,18,0,0
709,1871,19,0,0
709,1626,20,0,0
709,1678,21,0,0
709,1660,22,0,0
709,1657,23,0,0
709,1658,24,0,0
709,1659,25,0,0
709,1579,26,0,0
709,1634,27,0,0
709,1643,28,0,0
709,1642,29,0,0
709,1635,30,0,0
709,1595,31,0,0
709,1673,32,0,0
709,1711,33,0,0
709,1689,34,0,0
709,1534,35,0,0
709,1812,36,0,0
909,1906,1,0,0
909,1870,2,0,0
909,1820,3,0,0
909,1685,4,0,0
909,1450,5,0,0
909,1490,6,0,0
909,1537,7,0,0
909,1596,8,0,0
909,1891,9,0,0
909,1536,10,0,0
909,1530,11,0,0
909,1451,12,0,0
909,1848,13,0,0
909,1758,14,0,0
909,1850,15,0,0
909,1508,16,0,0
909,1617,17,0,0
909,1470,18,0,0
909,1469,19,0,0
909,1509,20,0,0
909,1533,21,0,0
909,1507,22,0,0
909,1510,23,0,0
909,1792,24,0,0
909,1602,25,0,0
909,1532,26,0,0
909,1535,27,0,0
909,1559,28,0,0
909,1582,29,0,0
909,1475,30,0,0
909,1526,31,0,0
909,1471,32,0,0
909,1776,33,0,0
1609,1977,1,0,0
1609,1997,2,1,1
1609,1646,3,0,0
1609,1685,4,0,0
1609,1450,5,0,0
1609,1490,6,0,0
1609,1537,7,0,0
1609,1891,8,0,0
1609,1536,9,0,0
1609,1530,10,0,0
1609,1837,11,0,0
1609,1741,12,0,0
1609,1467,13,0,0
1609,1468,14,0,0
1609,1858,15,0,0
1609,1859,16,0,0
1609,1606,17,0,0
1609,1603,18,0,0
1609,1765,19,0,0
1609,1766,20,0,0
1609,1627,21,0,0
1609,1882,22,0,0
1609,1783,23,0,0
1609,1563,24,0,0
1609,1566,25,0,0
1609,1564,26,0,0
1609,1895,27,0,0
1609,1585,28,0,0
1609,1915,29,0,0
1609,1529,30,0,0
1609,1520,31,0,0
1609,1547,32,0,0
1609,1664,33,0,0
1609,1896,34,0,0
1609,1894,35,0,0
1609,1571,36,0,0
1609,1561,37,0,0
1609,1884,38,0,0
1609,1795,39,0,0
1609,1755,40,0,0
1609,1557,41,0,0
1609,1604,42,0,0
1609,1769,43,0,0
1609,1768,44,0,0
1609,1861,45,0,0
1609,1784,46,0,0
1609,1794,47,0,0
1609,1569,48,0,0
1609,1532,49,0,0
1609,1535,50,0,0
1609,1559,51,0,0
1609,1582,52,0,0
1609,1475,53,0,0
1609,1526,54,0,0
1609,1511,55,0,0
3109,1834,1,0,0
3109,1782,2,0,0
3109,1684,3,0,0
3109,1690,4,0,0
3109,1722,5,0,0
3109,1720,6,0,0
3109,1723,7,0,0
3109,1721,8,0,0
3109,1486,9,0,0
3109,1712,10,0,0
3109,1750,11,0,0
3109,1717,12,0,0
3109,1719,13,0,0
3109,1778,14,0,0
3109,1756,15,0,0
3109,1757,16,0,0
3109,1843,17,0,0
3109,1477,18,0,0
3109,1913,19,0,0
3109,1458,20,0,0
3109,1465,21,0,0
3109,1731,22,0,0
3109,1462,23,0,0
3109,1460,24,0,0
3109,1908,25,0,0
3109,1521,26,0,0
3109,1524,27,0,0
3109,1704,28,0,0
3109,1706,29,0,0
3109,1705,30,0,0
3109,1654,31,0,0
3109,1835,32,0,0
3209,1840,1,0,0
3209,1804,2,0,0
3209,1544,3,0,0
3209,1649,4,0,0
3209,1647,5,0,0
3209,1652,6,0,0
3209,1650,7,0,0
3209,1655,8,0,0
3209,1825,9,0,0
3209,1648,10,0,0
3209,1651,11,0,0
3209,1653,12,0,0
3209,1573,13,0,0
3209,1574,14,0,0
3209,1621,15,0,0
3209,1618,16,0,0
3209,1546,17,0,0
3209,1525,18,0,0
3209,1589,19,0,0
3209,1457,20,0,0
3209,1455,21,0,0
3209,1456,22,0,0
3209,1479,23,0,0
3209,1481,24,0,0
3209,1682,25,0,0
3209,1570,26,0,0
3209,1620,27,0,0
3209,1619,28,0,0
3209,1624,29,0,0
3209,1749,30,0,0
3209,1696,31,0,0
3209,1695,32,0,0
3209,1661,33,0,0
3209,1734,34,0,0
3209,1464,35,0,0
3209,1667,36,0,0
3209,1666,37,0,0
3209,1488,38,0,0
3209,1491,39,0,0
3209,1493,40,0,0
3209,1492,41,0,0
3209,1494,42,0,0
3209,1836,43,0,0
3209,1683,44,0,0
3709,1803,1,0,0
3709,1805,2,0,0
3709,1881,3,0,0
3709,1454,4,0,0
3709,1697,5,0,0
3709,1675,6,0,0
3709,1554,7,0,0
3709,1809,8,0,0
3709,1519,9,0,0
3709,1665,10,0,0
3709,1586,11,0,0
3709,1871,12,0,0
3709,1626,13,0,0
3709,1713,14,0,0
3709,1715,15,0,0
3709,1732,16,0,0
3709,1518,17,0,0
3709,1905,18,0,0
3709,1798,19,0,0
3709,1799,20,0,0
3709,1555,21,0,0
3709,1473,22,0,0
3709,1670,23,0,0
3709,1678,24,0,0
3709,1714,25,0,0
3709,1560,26,0,0
3709,1576,27,0,0
3709,1578,28,0,0
3709,1579,29,0,0
3709,1645,30,0,0
3709,1632,31,0,0
3709,1638,32,0,0
3709,1644,33,0,0
3709,1668,34,0,0
3709,1660,35,0,0
3709,1657,36,0,0
3709,1658,37,0,0
3709,1659,38,0,0
3709,1634,39,0,0
3709,1643,40,0,0
3709,1642,41,0,0
3709,1497,42,0,0
3709,1807,43,0,0
3709,1813,44,0,0
3709,1864,45,0,0
3709,1702,46,0,0
3709,1699,47,0,0
3709,1700,48,0,0
3709,1742,49,0,0
3709,1744,50,0,0
3709,1600,51,0,0
3709,1513,52,0,0
3709,1817,53,0,0
3709,1514,54,0,0
3709,1517,55,0,0
3709,1818,56,0,0
3709,1740,57,0,0
3709,1709,58,0,0
3709,1710,59,0,0
3709,1689,60,0,0
3709,1534,61,0,0
3709,1812,62,0,0
3809,1841,1,0,0
3809,1805,2,0,0
3809,1880,3,0,0
3809,1907,4,0,0
3809,1746,5,0,0
3809,1729,6,0,0
3809,1901,7,0,0
3809,1739,8,0,0
3809,1489,9,0,0
3809,1516,10,0,0
3809,1515,11,0,0
3809,1816,12,0,0
3809,1819,13,0,0
3809,1512,14,0,0
3809,1793,15,0,0
3809,1601,16,0,0
3809,1743,17,0,0
3809,1701,18,0,0
3809,1703,19,0,0
3809,1876,20,0,0
3809,1902,21,0,0
3809,1482,22,0,0
3809,1810,23,0,0
3809,1641,24,0,0
3809,1633,25,0,0
3809,1640,26,0,0
3809,1771,27,0,0
3809,1645,28,0,0
3809,1632,29,0,0
3809,1638,30,0,0
3809,1644,31,0,0
3809,1668,32,0,0
3809,1660,33,0,0
3809,1657,34,0,0
3809,1658,35,0,0
3809,1659,36,0,0
3809,1577,37,0,0
3809,1665,38,0,0
3809,1586,39,0,0
3809,1871,40,0,0
3809,1626,41,0,0
3809,1713,42,0,0
3809,1715,43,0,0
3809,1732,44,0,0
3809,1518,45,0,0
3809,1905,46,0,0
3809,1798,47,0,0
3809,1799,48,0,0
3809,1555,49,0,0
3809,1473,50,0,0
3809,1670,51,0,0
3809,1678,52,0,0
3809,1714,53,0,0
3809,1560,54,0,0
3809,1698,55,0,0
3809,1673,56,0,0
3809,1711,57,0,0
3809,1689,58,0,0
3809,1534,59,0,0
3809,1812,60,0,0
22209,2002,1,0,0
22209,1627,2,0,0
90109,1978,1,0,0
90109,1805,2,0,0
90109,1880,3,0,0
90109,1907,4,0,0
90109,1746,5,0,0
90109,1729,6,0,0
90109,1814,7,0,0
90109,1844,8,0,0
90109,1612,9,0,0
90109,1726,10,0,0
90109,1747,11,0,0
90109,1516,12,0,0
90109,1515,13,0,0
90109,1816,14,0,0
90109,1819,15,0,0
90109,1512,16,0,0
90109,1793,17,0,0
90109,1601,18,0,0
90109,1743,19,0,0
90109,1701,20,0,0
90109,1703,21,0,0
90109,1876,22,0,0
90109,1902,23,0,0
90109,1449,24,0,0
90109,1668,25,0,0
90109,1688,26,0,0
90109,1871,27,0,0
90109,1626,28,0,0
90109,1713,29,0,0
90109,1715,30,0,0
90109,1732,31,0,0
90109,1518,32,0,0
90109,1798,33,0,0
90109,1799,34,0,0
90109,1555,35,0,0
90109,1473,36,0,0
90109,1670,37,0,0
90109,1678,38,0,0
90109,1687,39,0,0
90109,1448,40,0,0
90109,1864,41,0,0
90109,1702,42,0,0
90109,1699,43,0,0
90109,1700,44,0,0
90109,1742,45,0,0
90109,1744,46,0,0
90109,1600,47,0,0
90109,1513,48,0,0
90109,1817,49,0,0
90109,1514,50,0,0
90109,1517,51,0,0
90109,1818,52,0,0
90109,2001,53,0,0
90109,1581,54,0,0
90109,1609,55,0,0
90109,1623,56,0,0
90109,1878,57,0,0
90109,1812,58,0,0
90109,1997,59,0,0
90109,1646,60,0,0
90109,1685,61,0,0
90109,1450,62,0,0
90109,1490,63,0,0
90109,1537,64,0,0
90109,1891,65,0,0
90109,1536,66,0,0
90109,1530,67,0,0
90109,1837,68,0,0
90109,1741,69,0,0
90109,1467,70,0,0
90109,1468,71,0,0
90109,1859,72,0,0
90109,1606,73,0,0
90109,1603,74,0,0
90109,1765,75,0,0
90109,1766,76,0,0
90109,1627,77,0,0
90109,1882,78,0,0
90109,1783,79,0,0
90109,1563,80,0,0
90109,1566,81,0,0
90109,1564,82,0,0
90109,1585,83,0,0
90109,1915,84,0,0
90109,1529,85,0,0
90109,1520,86,0,0
90109,1547,87,0,0
90109,1664,88,0,0
90109,1896,89,0,0
90109,1894,90,0,0
90109,1571,91,0,0
90109,1561,92,0,0
90109,1884,93,0,0
90109,1795,94,0,0
90109,1755,95,0,0
90109,1557,96,0,0
90109,1604,97,0,0
90109,1769,98,0,0
90109,1768,99,0,0
90109,1861,100,0,0
90109,1784,101,0,0
90109,1794,102,0,0
90109,1569,103,0,0
90109,1532,104,0,0
90109,1535,105,0,0
90109,1559,106,0,0
90109,1582,107,0,0
90109,1475,108,0,0
90109,1526,109,0,0
90109,1511,110,0,0
90209,1998,1,0,0
90209,1841,2,0,0
90209,1851,3,0,0
90209,1802,4,0,0
90209,1826,5,0,0
90209,1477,6,0,0
90209,1453,7,0,0
90209,1909,8,0,0
90209,1886,9,0,0
90209,1887,10,0,0
90209,1890,11,0,0
90209,1888,12,0,0
90209,1892,13,0,0
90209,1608,14,0,0
90209,1611,15,0,0
90209,1913,16,0,0
90209,1458,17,0,0
90209,1465,18,0,0
90209,2000,19,0,0
90209,1486,20,0,0
90209,1712,21,0,0
90209,1750,22,0,0
90209,1717,23,0,0
90209,1719,24,0,0
90209,1778,25,0,0
90209,1756,26,0,0
90209,1654,27,0,0
90209,1835,28,0,0
90209,1999,29,0,0
90209,1804,30,0,0
90209,1544,31,0,0
90209,1649,32,0,0
90209,1647,33,0,0
90209,1652,34,0,0
90209,1650,35,0,0
90209,1655,36,0,0
90209,1825,37,0,0
90209,1648,38,0,0
90209,1651,39,0,0
90209,1653,40,0,0
90209,1573,41,0,0
90209,1574,42,0,0
90209,1621,43,0,0
90209,1618,44,0,0
90209,1546,45,0,0
90209,1525,46,0,0
90209,1589,47,0,0
90209,1457,48,0,0
90209,1455,49,0,0
90209,1456,50,0,0
90209,1479,51,0,0
90209,1481,52,0,0
90209,1682,53,0,0
90209,1570,54,0,0
90209,1620,55,0,0
90209,1619,56,0,0
90209,1624,57,0,0
90209,1749,58,0,0
90209,1696,59,0,0
90209,1695,60,0,0
90209,1661,61,0,0
90209,1734,62,0,0
90209,1464,63,0,0
90209,1667,64,0,0
90209,1666,65,0,0
90209,1488,66,0,0
90209,1491,67,0,0
90209,1493,68,0,0
90209,1492,69,0,0
90209,1494,70,0,0
90209,1836,71,0,0
90209,1683,72,0,0
7600009,1990,1,0,0
7600009,1805,2,0,0
7600009,1881,3,0,0
7600009,1454,4,0,0
7600009,1697,5,0,0
7600009,1675,6,0,0
7600009,1495,7,0,0
7600009,1499,8,0,0
7600009,1641,9,0,0
7600009,1633,10,0,0
7600009,1640,11,0,0
7600009,1771,12,0,0
7600009,1645,13,0,0
7600009,1632,14,0,0
7600009,1638,15,0,0
7600009,1644,16,0,0
7600009,1668,17,0,0
7600009,1688,18,0,0
7600009,1871,19,0,0
7600009,1626,20,0,0
7600009,1713,21,0,0
7600009,1715,22,0,0
7600009,1732,23,0,0
7600009,1518,24,0,0
7600009,1670,25,0,0
7600009,1678,26,0,0
7600009,1714,27,0,0
7600009,1560,28,0,0
7600009,1698,29,0,0
7600009,1673,30,0,0
7600009,1711,31,0,0
7600009,1689,32,0,0
7600009,1534,33,0,0
7600009,1812,34,0,0
