3209,'1442596',1807,,141,12,,,0
3209,'1442687',937,,142,12,,,0
3209,'1442754',637,,143,12,,,0
3209,'1442760',1407,,144,12,,,0
3209,'1442882',1737,,145,12,,,0
3209,'1442921',1337,,146,12,,,0
3209,'1442945',1537,,147,12,,,0
3209,'1443019',1037,,148,12,,,0
3209,'1443027',1737,,149,12,,,0
3209,'1443032',1137,,150,12,,,0
3209,'1443124',1007,,151,12,,,0
3209,'1443173',1707,,152,12,,,0
3209,'1443223',837,,153,12,,,0
3209,'1443230',737,,154,12,,,0
3209,'1443346',1207,,155,12,,,0
3209,'1443371',1637,,156,12,,,0
3209,'1443418',637,,157,12,,,0
3209,'1443451',1837,,158,12,,,0
3209,'1443460',1507,,159,12,,,0
3209,'1443559',1337,,160,12,,,0
3209,'1443566',1437,,161,12,,,0
3209,'1443666',937,,162,12,,,0
3209,'1443678',1437,,163,12,,,0
3209,'1443693',907,,164,12,,,0
3209,'1443729',1107,,165,12,,,0
3209,'1443750',1237,,166,12,,,0
3209,'1443756',707,,167,12,,,0
3209,'1443859',837,,168,12,,,0
3209,'1443893',1837,,169,12,,,0
3209,'1444067',1137,,170,12,,,0
3209,'1444076',737,,171,12,,,0
3209,'1444125',1307,,172,12,,,0
3209,'1444263',1037,,173,12,,,0
3209,'1444410',1607,,174,12,,,0
3209,'1444513',1237,,175,12,,,0
3209,'1444517',807,,176,12,,,0
3209,'1444645',1637,,177,12,,,0
3209,'1444700',1537,,178,12,,,0
90209,'1442632',2238,,337,12,0,9 10,0
90209,'1442824',2238,,338,12,0,9 10,0
90209,'1442866',1238,,339,12,0,9 10,0
90209,'1443008',1138,,340,12,0,9 10,0
90209,'1443149',1538,,341,12,0,9 10,0
90209,'1443169',2038,,342,12,0,9 10,0
90209,'1443298',2038,,344,12,0,9 10,0
90209,'1443323',1638,,345,12,0,9 10,0
90209,'1443365',1038,,347,12,0,9 10,0
90209,'1443389',1938,,348,12,0,9 10,0
90209,'1443612',2138,,349,12,0,9 10,0
90209,'1443718',1338,,351,12,0,9 10,0
90209,'1443721',2138,,352,12,0,9 10,0
90209,'1443889',1938,,355,12,0,9 10,0
90209,'1444136',938,,356,12,0,9 10,0
