609,'1481208',2210,,25,17,,,0
609,'1481209',2110,,26,17,,,0
609,'1481210',2010,,27,17,,,0
609,'1481293',2210,,28,17,,,0
609,'1481294',2110,,29,17,,,0
609,'1481295',2010,,30,17,,,0
3709,'1481156',645,,179,17,,,0
3709,'1481157',715,,180,17,,,0
3709,'1481158',745,,181,17,,,0
3709,'1481159',815,,182,17,,,0
3709,'1481160',845,,183,17,,,0
3709,'1481161',915,,184,17,,,0
3709,'1481162',945,,185,17,,,0
3709,'1481163',1015,,186,17,,,0
3709,'1481164',1045,,187,17,,,0
3709,'1481165',1115,,188,17,,,0
3709,'1481166',1145,,189,17,,,0
3709,'1481167',1215,,190,17,,,0
3709,'1481168',1245,,191,17,,,0
3709,'1481169',1315,,192,17,,,0
3709,'1481170',1345,,193,17,,,0
3709,'1481171',1415,,194,17,,,0
3709,'1481172',1445,,195,17,,,0
3709,'1481173',1515,,196,17,,,0
3709,'1481174',1545,,197,17,,,0
3709,'1481175',1615,,198,17,,,0
3709,'1481176',1645,,199,17,,,0
3709,'1481177',1715,,200,17,,,0
3709,'1481178',1745,,201,17,,,0
3709,'1481179',1815,,202,17,,,0
3709,'1481180',1845,,203,17,,,0
3709,'1481181',1915,,204,17,,,0
3709,'1481241',645,,205,17,,,0
3709,'1481242',715,,206,17,,,0
3709,'1481243',745,,207,17,,,0
3709,'1481244',815,,208,17,,,0
3709,'1481245',845,,209,17,,,0
3709,'1481246',915,,210,17,,,0
3709,'1481247',945,,211,17,,,0
3709,'1481248',1015,,212,17,,,0
3709,'1481249',1045,,213,17,,,0
3709,'1481250',1115,,214,17,,,0
3709,'1481251',1145,,215,17,,,0
3709,'1481252',1215,,216,17,,,0
3709,'1481253',1245,,217,17,,,0
3709,'1481254',1315,,218,17,,,0
3709,'1481255',1345,,219,17,,,0
3709,'1481256',1415,,220,17,,,0
3709,'1481257',1445,,221,17,,,0
3709,'1481258',1515,,222,17,,,0
3709,'1481259',1545,,223,17,,,0
3709,'1481260',1615,,224,17,,,0
3709,'1481261',1645,,225,17,,,0
3709,'1481262',1715,,226,17,,,0
3709,'1481263',1745,,227,17,,,0
3709,'1481264',1815,,228,17,,,0
3709,'1481265',1845,,229,17,,,0
3709,'1481266',1915,,230,17,,,0
3809,'1481182',703,,231,45,,,0
3809,'1481183',733,,232,45,,,0
3809,'1481184',803,,233,45,,,0
3809,'1481185',833,,234,45,,,0
3809,'1481186',903,,235,45,,,0
3809,'1481187',933,,236,45,,,0
3809,'1481188',1003,,237,45,,,0
3809,'1481189',1033,,238,45,,,0
3809,'1481190',1103,,239,45,,,0
3809,'1481191',1133,,240,45,,,0
3809,'1481192',1203,,241,45,,,0
3809,'1481193',1233,,242,45,,,0
3809,'1481194',1303,,243,45,,,0
3809,'1481195',1333,,244,45,,,0
3809,'1481196',1403,,245,45,,,0
3809,'1481197',1433,,246,45,,,0
3809,'1481198',1503,,247,45,,,0
3809,'1481199',1533,,248,45,,,0
3809,'1481200',1603,,249,45,,,0
3809,'1481201',1633,,250,45,,,0
3809,'1481202',1703,,251,45,,,0
3809,'1481203',1733,,252,45,,,0
3809,'1481204',1803,,253,45,,,0
3809,'1481205',1833,,254,45,,,0
3809,'1481206',1903,,255,45,,,0
3809,'1481207',1933,,256,45,,,0
3809,'1481267',703,,257,45,,,0
3809,'1481268',733,,258,45,,,0
3809,'1481269',803,,259,45,,,0
3809,'1481270',833,,260,45,,,0
3809,'1481271',903,,261,45,,,0
3809,'1481272',933,,262,45,,,0
3809,'1481273',1003,,263,45,,,0
3809,'1481274',1033,,264,45,,,0
3809,'1481275',1103,,265,45,,,0
3809,'1481276',1133,,266,45,,,0
3809,'1481277',1203,,267,45,,,0
3809,'1481278',1233,,268,45,,,0
3809,'1481279',1303,,269,45,,,0
3809,'1481280',1333,,270,45,,,0
3809,'1481281',1403,,271,45,,,0
3809,'1481282',1433,,272,45,,,0
3809,'1481283',1503,,273,45,,,0
3809,'1481284',1533,,274,45,,,0
3809,'1481285',1603,,275,45,,,0
3809,'1481286',1633,,276,45,,,0
3809,'1481287',1703,,277,45,,,0
3809,'1481288',1733,,278,45,,,0
3809,'1481289',1803,,279,45,,,0
3809,'1481290',1833,,280,45,,,0
3809,'1481291',1906,,281,45,,,0
3809,'1481292',1936,,282,45,,,0
90109,'1481215',2257,,303,32,0,11 12,0
90109,'1481216',2157,,304,32,0,11 12,0
90109,'1481217',2057,,305,32,0,11 12,0
90109,'1481218',1957,,306,32,0,11 12,0
90109,'1481231',857,,318,32,0,11 12,0
90109,'1481232',957,,319,32,0,11 12,0
90109,'1481233',1057,,320,32,0,11 12,0
90109,'1481234',1157,,321,32,0,11 12,0
90109,'1481235',1257,,322,32,0,11 12,0
90109,'1481236',1357,,323,32,0,11 12,0
90109,'1481237',1457,,324,32,0,11 12,0
90109,'1481238',1557,,325,32,0,11 12,0
90109,'1481239',1657,,326,32,0,11 12,0
90109,'1481240',1757,,327,32,0,11 12,0
90109,'1481300',2257,,332,32,0,11 12,0
90109,'1481301',2157,,333,32,0,11 12,0
90109,'1481302',2057,,334,32,0,11 12,0
90109,'1481303',1957,,335,32,0,11 12,0
7600009,'1442746',1012,,364,24,,,0
7600009,'1442836',1142,,365,24,,,0
7600009,'1442868',1242,,366,24,,,0
7600009,'1442936',1442,,367,24,,,0
7600009,'1442948',1312,,368,24,,,0
7600009,'1442960',1112,,369,24,,,0
7600009,'1443166',1512,,370,24,,,0
7600009,'1443237',1612,,371,24,,,0
7600009,'1443568',1642,,372,24,,,0
7600009,'1443930',1712,,373,24,,,0
7600009,'1444078',1212,,374,24,,,0
7600009,'1444147',1742,,375,24,,,0
7600009,'1444253',1042,,376,24,,,0
7600009,'1444707',1542,,377,24,,,0
