6019,'1481208',2205,,25,8,,,0
6019,'1481209',2105,,26,8,,,0
6019,'1481210',2005,,27,8,,,0
6019,'1481293',2205,,28,8,,,0
6019,'1481294',2105,,29,8,,,0
6019,'1481295',2005,,30,8,,,0
37019,'1481156',637,,179,8,,,0
37019,'1481157',707,,180,8,,,0
37019,'1481158',737,,181,8,,,0
37019,'1481159',807,,182,8,,,0
37019,'1481160',837,,183,8,,,0
37019,'1481161',907,,184,8,,,0
37019,'1481162',937,,185,8,,,0
37019,'1481163',1007,,186,8,,,0
37019,'1481164',1037,,187,8,,,0
37019,'1481165',1107,,188,8,,,0
37019,'1481166',1137,,189,8,,,0
37019,'1481167',1207,,190,8,,,0
37019,'1481168',1237,,191,8,,,0
37019,'1481169',1307,,192,8,,,0
37019,'1481170',1337,,193,8,,,0
37019,'1481171',1407,,194,8,,,0
37019,'1481172',1437,,195,8,,,0
37019,'1481173',1507,,196,8,,,0
37019,'1481174',1537,,197,8,,,0
37019,'1481175',1607,,198,8,,,0
37019,'1481176',1637,,199,8,,,0
37019,'1481177',1707,,200,8,,,0
37019,'1481178',1737,,201,8,,,0
37019,'1481179',1807,,202,8,,,0
37019,'1481180',1837,,203,8,,,0
37019,'1481181',1907,,204,8,,,0
37019,'1481241',637,,205,8,,,0
37019,'1481242',707,,206,8,,,0
37019,'1481243',737,,207,8,,,0
37019,'1481244',807,,208,8,,,0
37019,'1481245',837,,209,8,,,0
37019,'1481246',907,,210,8,,,0
37019,'1481247',937,,211,8,,,0
37019,'1481248',1007,,212,8,,,0
37019,'1481249',1037,,213,8,,,0
37019,'1481250',1107,,214,8,,,0
37019,'1481251',1137,,215,8,,,0
37019,'1481252',1207,,216,8,,,0
37019,'1481253',1237,,217,8,,,0
37019,'1481254',1307,,218,8,,,0
37019,'1481255',1337,,219,8,,,0
37019,'1481256',1407,,220,8,,,0
37019,'1481257',1437,,221,8,,,0
37019,'1481258',1507,,222,8,,,0
37019,'1481259',1537,,223,8,,,0
37019,'1481260',1607,,224,8,,,0
37019,'1481261',1637,,225,8,,,0
37019,'1481262',1707,,226,8,,,0
37019,'1481263',1737,,227,8,,,0
37019,'1481264',1807,,228,8,,,0
37019,'1481265',1837,,229,8,,,0
37019,'1481266',1907,,230,8,,,0
