709,'1442686',2146,,31,29,,,0
709,'1443170',2046,,32,29,,,0
709,'1443421',2049,,33,29,,,0
709,'1444160',1949,,34,29,,,0
709,'1444518',1946,,35,29,,,0
709,'1444604',2149,,36,29,,,0
3709,'1481156',700,,179,42,,,0
3709,'1481157',730,,180,42,,,0
3709,'1481158',800,,181,42,,,0
3709,'1481159',830,,182,42,,,0
3709,'1481160',900,,183,42,,,0
3709,'1481161',930,,184,42,,,0
3709,'1481162',1000,,185,42,,,0
3709,'1481163',1030,,186,42,,,0
3709,'1481164',1100,,187,42,,,0
3709,'1481165',1130,,188,42,,,0
3709,'1481166',1200,,189,42,,,0
3709,'1481167',1230,,190,42,,,0
3709,'1481168',1300,,191,42,,,0
3709,'1481169',1330,,192,42,,,0
3709,'1481170',1400,,193,42,,,0
3709,'1481171',1430,,194,42,,,0
3709,'1481172',1500,,195,42,,,0
3709,'1481173',1530,,196,42,,,0
3709,'1481174',1600,,197,42,,,0
3709,'1481175',1630,,198,42,,,0
3709,'1481176',1700,,199,42,,,0
3709,'1481177',1730,,200,42,,,0
3709,'1481178',1800,,201,42,,,0
3709,'1481179',1830,,202,42,,,0
3709,'1481180',1900,,203,42,,,0
3709,'1481181',1930,,204,42,,,0
3709,'1481241',700,,205,42,,,0
3709,'1481242',730,,206,42,,,0
3709,'1481243',800,,207,42,,,0
3709,'1481244',830,,208,42,,,0
3709,'1481245',900,,209,42,,,0
3709,'1481246',930,,210,42,,,0
3709,'1481247',1000,,211,42,,,0
3709,'1481248',1030,,212,42,,,0
3709,'1481249',1100,,213,42,,,0
3709,'1481250',1130,,214,42,,,0
3709,'1481251',1200,,215,42,,,0
3709,'1481252',1230,,216,42,,,0
3709,'1481253',1300,,217,42,,,0
3709,'1481254',1330,,218,42,,,0
3709,'1481255',1400,,219,42,,,0
3709,'1481256',1430,,220,42,,,0
3709,'1481257',1500,,221,42,,,0
3709,'1481258',1530,,222,42,,,0
3709,'1481259',1600,,223,42,,,0
3709,'1481260',1630,,224,42,,,0
3709,'1481261',1700,,225,42,,,0
3709,'1481262',1730,,226,42,,,0
3709,'1481263',1800,,227,42,,,0
3709,'1481264',1830,,228,42,,,0
3709,'1481265',1900,,229,42,,,0
3709,'1481266',1930,,230,42,,,0
