1609,'1442759',1149,,63,20,0,5,0,57,,63,36,0,5,0
1609,'1442908',1649,,64,20,0,5,0,57,,64,36,0,5,0
1609,'1443382',1549,,65,20,0,5,0,57,,65,36,0,5,0
1609,'1443639',949,,66,20,0,5,0,57,,66,36,0,5,0
1609,'1443689',1849,,67,20,0,5,0,57,,67,36,0,5,0
1609,'1443695',1049,,68,20,0,5,0,57,,68,36,0,5,0
1609,'1443794',1249,,69,20,0,5,0,57,,69,36,0,5,0
1609,'1443910',1449,,70,20,0,5,0,57,,70,36,0,5,0
1609,'1443990',1349,,71,20,0,5,0,57,,71,36,0,5,0
1609,'1444348',1749,,72,20,0,5,0,57,,72,36,0,5,0
1609,'1444457',849,,73,20,0,5,0,57,,73,36,0,5,0
1609,'1444527',749,,74,20,0,5,0,57,,74,36,0,5,0
1609,'1444699',649,,75,20,0,5,0,57,,75,36,0,5,0
1609,'1471644',649,,76,20,0,6 7,0,57,,76,38,0,6 7,0
1609,'1471645',749,,77,20,0,6 7,0,57,,77,38,0,6 7,0
1609,'1471646',849,,78,20,0,6 7,0,57,,78,38,0,6 7,0
1609,'1471647',949,,79,20,0,6 7,0,57,,79,38,0,6 7,0
1609,'1471648',1049,,80,20,0,6 7,0,57,,80,38,0,6 7,0
1609,'1471649',1149,,81,20,0,6 7,0,57,,81,38,0,6 7,0
1609,'1471650',1249,,82,20,0,6 7,0,57,,82,38,0,6 7,0
1609,'1471651',1349,,83,20,0,6 7,0,57,,83,38,0,6 7,0
1609,'1471652',1449,,84,20,0,6 7,0,57,,84,38,0,6 7,0
1609,'1471653',1549,,85,20,0,6 7,0,57,,85,38,0,6 7,0
1609,'1471654',1649,,86,20,0,6 7,0,57,,86,38,0,6 7,0
1609,'1471655',1749,,87,20,0,6 7,0,57,,87,38,0,6 7,0
1609,'1471656',1849,,88,20,0,6 7,0,57,,88,38,0,6 7,0
1609,'1471657',719,,89,20,0,6 7,0,17,,89,38,0,6 7,0
1609,'1471658',819,,90,20,0,6 7,0,17,,90,38,0,6 7,0
1609,'1471659',919,,91,20,0,6 7,0,17,,91,38,0,6 7,0
1609,'1471660',1119,,92,21,0,8,0,17,,92,39,0,8,0
1609,'1471661',1619,,93,20,0,6 7,0,17,,93,38,0,6 7,0
1609,'1471662',1219,,94,21,0,8,0,17,,94,39,0,8,0
1609,'1471663',1319,,95,21,0,8,0,17,,95,39,0,8,0
1609,'1471664',1719,,96,20,0,6 7,0,17,,96,38,0,6 7,0
1609,'1471665',1819,,97,20,0,6 7,0,17,,97,38,0,6 7,0
1609,'1471666',1019,,98,21,0,8,0,17,,98,39,0,8,0
1609,'1471667',1519,,99,20,0,6 7,0,17,,99,38,0,6 7,0
1609,'1471668',1419,,100,21,0,8,0,17,,100,39,0,8,0
90109,'1481211',2246,,299,20,0,6,0,12,,299,36,0,6,0
90109,'1481212',1946,,300,20,0,6,0,12,,300,36,0,6,0
90109,'1481213',2046,,301,20,0,6,0,12,,301,36,0,6,0
90109,'1481214',2146,,302,20,0,6,0,12,,302,36,0,6,0
90109,'1481220',846,,307,20,0,6,0,12,,307,36,0,6,0
90109,'1481221',946,,308,20,0,6,0,12,,308,36,0,6,0
90109,'1481222',1046,,309,20,0,6,0,12,,309,36,0,6,0
90109,'1481223',1146,,310,20,0,6,0,12,,310,36,0,6,0
90109,'1481224',1246,,311,20,0,6,0,12,,311,36,0,6,0
90109,'1481225',1346,,312,20,0,6,0,12,,312,36,0,6,0
90109,'1481226',1446,,313,20,0,6,0,12,,313,36,0,6,0
90109,'1481227',1546,,314,20,0,6,0,12,,314,36,0,6,0
90109,'1481228',1646,,315,20,0,6,0,12,,315,36,0,6,0
90109,'1481229',1746,,316,20,0,6,0,12,,316,36,0,6,0
90109,'1481230',1846,,317,20,0,6,0,12,,317,36,0,6,0
90109,'1481296',2248,,328,20,0,6,0,57,,328,36,0,6,0
90109,'1481297',1948,,329,20,0,6,0,57,,329,36,0,6,0
90109,'1481298',2048,,330,20,0,6,0,57,,330,36,0,6,0
90109,'1481299',2148,,331,20,0,6,0,57,,331,36,0,6,0
