1609,'1442759',1144,,63,16,0,5,0
1609,'1442908',1644,,64,16,0,5,0
1609,'1443382',1544,,65,16,0,5,0
1609,'1443639',944,,66,16,0,5,0
1609,'1443689',1844,,67,16,0,5,0
1609,'1443695',1044,,68,16,0,5,0
1609,'1443794',1244,,69,16,0,5,0
1609,'1443910',1444,,70,16,0,5,0
1609,'1443990',1344,,71,16,0,5,0
1609,'1444348',1744,,72,16,0,5,0
1609,'1444457',844,,73,16,0,5,0
1609,'1444527',744,,74,16,0,5,0
1609,'1444699',644,,75,16,0,5,0
1609,'1471644',644,,76,16,0,6 7,0
1609,'1471645',744,,77,16,0,6 7,0
1609,'1471646',844,,78,16,0,6 7,0
1609,'1471647',944,,79,16,0,6 7,0
1609,'1471648',1044,,80,16,0,6 7,0
1609,'1471649',1144,,81,16,0,6 7,0
1609,'1471650',1244,,82,16,0,6 7,0
1609,'1471651',1344,,83,16,0,6 7,0
1609,'1471652',1444,,84,16,0,6 7,0
1609,'1471653',1544,,85,16,0,6 7,0
1609,'1471654',1644,,86,16,0,6 7,0
1609,'1471655',1744,,87,16,0,6 7,0
1609,'1471656',1844,,88,16,0,6 7,0
1609,'1471657',714,,89,16,0,6 7,0
1609,'1471658',814,,90,16,0,6 7,0
1609,'1471659',914,,91,16,0,6 7,0
1609,'1471660',1115,,92,17,0,8,0
1609,'1471661',1614,,93,16,0,6 7,0
1609,'1471662',1215,,94,17,0,8,0
1609,'1471663',1315,,95,17,0,8,0
1609,'1471664',1714,,96,16,0,6 7,0
1609,'1471665',1814,,97,16,0,6 7,0
1609,'1471666',1015,,98,17,0,8,0
1609,'1471667',1514,,99,16,0,6 7,0
1609,'1471668',1415,,100,17,0,8,0
90109,'1481211',2242,,299,16,0,6,0
90109,'1481212',1942,,300,16,0,6,0
90109,'1481213',2042,,301,16,0,6,0
90109,'1481214',2142,,302,16,0,6,0
90109,'1481220',842,,307,16,0,6,0
90109,'1481221',942,,308,16,0,6,0
90109,'1481222',1042,,309,16,0,6,0
90109,'1481223',1142,,310,16,0,6,0
90109,'1481224',1242,,311,16,0,6,0
90109,'1481225',1342,,312,16,0,6,0
90109,'1481226',1442,,313,16,0,6,0
90109,'1481227',1542,,314,16,0,6,0
90109,'1481228',1642,,315,16,0,6,0
90109,'1481229',1742,,316,16,0,6,0
90109,'1481230',1842,,317,16,0,6,0
90109,'1481296',2243,,328,16,0,6,0
90109,'1481297',1943,,329,16,0,6,0
90109,'1481298',2043,,330,16,0,6,0
90109,'1481299',2143,,331,16,0,6,0
