9019,'1442574',1332,,37,4,,,0
9019,'1442601',1432,,38,4,,,0
9019,'1442683',1232,,39,4,,,0
9019,'1442720',732,,40,4,,,0
9019,'1442725',1332,,41,4,,,0
9019,'1442740',1532,,42,4,,,0
9019,'1442981',1532,,43,4,,,0
9019,'1443060',1032,,44,4,,,0
9019,'1443114',832,,45,4,,,0
9019,'1443507',732,,46,4,,,0
9019,'1443572',1832,,47,4,,,0
9019,'1443665',832,,48,4,,,0
9019,'1443760',1432,,49,4,,,0
9019,'1444093',932,,50,4,,,0
9019,'1444114',1632,,51,4,,,0
9019,'1444140',1632,,52,4,,,0
9019,'1444157',1732,,53,4,,,0
9019,'1444177',632,,54,4,,,0
9019,'1444202',932,,55,4,,,0
9019,'1444275',1132,,56,4,,,0
9019,'1444286',632,,57,4,,,0
9019,'1444316',1732,,58,4,,,0
9019,'1444336',1032,,59,4,,,0
9019,'1444355',1232,,60,4,,,0
9019,'1444529',1832,,61,4,,,0
9019,'1444681',1132,,62,4,,,0
16019,'1442759',1132,,63,3,0,5,0
16019,'1442908',1632,,64,3,0,5,0
16019,'1443382',1532,,65,3,0,5,0
16019,'1443639',932,,66,3,0,5,0
16019,'1443689',1832,,67,3,0,5,0
16019,'1443695',1032,,68,3,0,5,0
16019,'1443794',1232,,69,3,0,5,0
16019,'1443910',1432,,70,3,0,5,0
16019,'1443990',1332,,71,3,0,5,0
16019,'1444348',1732,,72,3,0,5,0
16019,'1444457',832,,73,3,0,5,0
16019,'1444527',732,,74,3,0,5,0
16019,'1444699',632,,75,3,0,5,0
16019,'1471644',632,,76,3,0,6 7,0
16019,'1471645',732,,77,3,0,6 7,0
16019,'1471646',832,,78,3,0,6 7,0
16019,'1471647',932,,79,3,0,6 7,0
16019,'1471648',1032,,80,3,0,6 7,0
16019,'1471649',1132,,81,3,0,6 7,0
16019,'1471650',1232,,82,3,0,6 7,0
16019,'1471651',1332,,83,3,0,6 7,0
16019,'1471652',1432,,84,3,0,6 7,0
16019,'1471653',1532,,85,3,0,6 7,0
16019,'1471654',1632,,86,3,0,6 7,0
16019,'1471655',1732,,87,3,0,6 7,0
16019,'1471656',1832,,88,3,0,6 7,0
16019,'1471657',702,,89,3,0,6 7,0
16019,'1471658',802,,90,3,0,6 7,0
16019,'1471659',902,,91,3,0,6 7,0
16019,'1471660',1102,,92,3,0,8,0
16019,'1471661',1602,,93,3,0,6 7,0
16019,'1471662',1202,,94,3,0,8,0
16019,'1471663',1302,,95,3,0,8,0
16019,'1471664',1702,,96,3,0,6 7,0
16019,'1471665',1802,,97,3,0,6 7,0
16019,'1471666',1002,,98,3,0,8,0
16019,'1471667',1502,,99,3,0,6 7,0
16019,'1471668',1402,,100,3,0,8,0
901019,'1481211',2231,,299,3,,,0
901019,'1481212',1931,,300,3,,,0
901019,'1481213',2031,,301,3,,,0
901019,'1481214',2131,,302,3,,,0
901019,'1481220',831,,307,3,,,0
901019,'1481221',931,,308,3,,,0
901019,'1481222',1031,,309,3,,,0
901019,'1481223',1131,,310,3,,,0
901019,'1481224',1231,,311,3,,,0
901019,'1481225',1331,,312,3,,,0
901019,'1481226',1431,,313,3,,,0
901019,'1481227',1531,,314,3,,,0
901019,'1481228',1631,,315,3,,,0
901019,'1481229',1731,,316,3,,,0
901019,'1481230',1831,,317,3,,,0
901019,'1481296',2231,,328,3,,,0
901019,'1481297',1931,,329,3,,,0
901019,'1481298',2031,,330,3,,,0
901019,'1481299',2131,,331,3,,,0
