32019,'1442596',1802,,141,2,,,0
32019,'1442687',932,,142,2,,,0
32019,'1442754',632,,143,2,,,0
32019,'1442760',1402,,144,2,,,0
32019,'1442882',1732,,145,2,,,0
32019,'1442921',1332,,146,2,,,0
32019,'1442945',1532,,147,2,,,0
32019,'1443019',1032,,148,2,,,0
32019,'1443027',1732,,149,2,,,0
32019,'1443032',1132,,150,2,,,0
32019,'1443124',1002,,151,2,,,0
32019,'1443173',1702,,152,2,,,0
32019,'1443223',832,,153,2,,,0
32019,'1443230',732,,154,2,,,0
32019,'1443346',1202,,155,2,,,0
32019,'1443371',1632,,156,2,,,0
32019,'1443418',632,,157,2,,,0
32019,'1443451',1832,,158,2,,,0
32019,'1443460',1502,,159,2,,,0
32019,'1443559',1332,,160,2,,,0
32019,'1443566',1432,,161,2,,,0
32019,'1443666',932,,162,2,,,0
32019,'1443678',1432,,163,2,,,0
32019,'1443693',902,,164,2,,,0
32019,'1443729',1102,,165,2,,,0
32019,'1443750',1232,,166,2,,,0
32019,'1443756',702,,167,2,,,0
32019,'1443859',832,,168,2,,,0
32019,'1443893',1832,,169,2,,,0
32019,'1444067',1132,,170,2,,,0
32019,'1444076',732,,171,2,,,0
32019,'1444125',1302,,172,2,,,0
32019,'1444263',1032,,173,2,,,0
32019,'1444410',1602,,174,2,,,0
32019,'1444513',1232,,175,2,,,0
32019,'1444517',802,,176,2,,,0
32019,'1444645',1632,,177,2,,,0
32019,'1444700',1532,,178,2,,,0
902019,'1442632',2231,,337,2,,,0
902019,'1442824',2231,,338,2,,,0
902019,'1442866',1231,,339,2,,,0
902019,'1443008',1131,,340,2,,,0
902019,'1443149',1531,,341,2,,,0
902019,'1443169',2031,,342,2,,,0
902019,'1443298',2031,,344,2,,,0
902019,'1443323',1631,,345,2,,,0
902019,'1443365',1031,,347,2,,,0
902019,'1443389',1931,,348,2,,,0
902019,'1443612',2131,,349,2,,,0
902019,'1443718',1331,,351,2,,,0
902019,'1443721',2131,,352,2,,,0
902019,'1443889',1931,,355,2,,,0
902019,'1444136',931,,356,2,,,0
