3109,'1442657',1314,,102,22,,,0
3109,'1442704',1748,,103,22,,,0
3109,'1442731',1114,,104,22,,,0
3109,'1442816',1048,,105,22,,,0
3109,'1442926',814,,106,22,,,0
3109,'1442939',818,,107,22,,,0
3109,'1442988',918,,108,22,,,0
3109,'1443001',1518,,109,22,,,0
3109,'1443020',1014,,110,22,,,0
3109,'1443042',948,,111,22,,,0
3109,'1443050',1318,,112,22,,,0
3109,'1443073',1514,,113,22,,,0
3109,'1443135',1418,,114,22,,,0
3109,'1443141',1548,,115,22,,,0
3109,'1443144',1148,,116,22,,,0
3109,'1443163',1218,,117,22,,,0
3109,'1443412',1448,,118,22,,,0
3109,'1443419',1348,,119,22,,,0
3109,'1443472',1248,,120,22,,,0
3109,'1443548',1414,,121,22,,,0
3109,'1443737',1814,,122,22,,,0
3109,'1443781',1848,,123,22,,,0
3109,'1443831',1818,,124,22,,,0
3109,'1443867',1214,,125,22,,,0
3109,'1443869',1018,,126,22,,,0
3109,'1443890',714,,127,22,,,0
3109,'1443895',718,,128,22,,,0
3109,'1444017',1918,,129,22,,,0
3109,'1444043',914,,130,22,,,0
3109,'1444183',1618,,131,22,,,0
3109,'1444283',1614,,132,22,,,0
3109,'1444351',1118,,133,22,,,0
3109,'1444464',1714,,134,22,,,0
3109,'1444532',848,,135,22,,,0
3109,'1444569',1648,,136,22,,,0
3109,'1444582',748,,137,22,,,0
3109,'1444595',648,,138,22,,,0
3109,'1444704',1914,,139,22,,,0
3109,'1444711',1718,,140,22,,,0
