32019,'1442596',1805,,141,8,,,0
32019,'1442687',935,,142,8,,,0
32019,'1442754',635,,143,8,,,0
32019,'1442760',1405,,144,8,,,0
32019,'1442882',1735,,145,8,,,0
32019,'1442921',1335,,146,8,,,0
32019,'1442945',1535,,147,8,,,0
32019,'1443019',1035,,148,8,,,0
32019,'1443027',1735,,149,8,,,0
32019,'1443032',1135,,150,8,,,0
32019,'1443124',1005,,151,8,,,0
32019,'1443173',1705,,152,8,,,0
32019,'1443223',835,,153,8,,,0
32019,'1443230',735,,154,8,,,0
32019,'1443346',1205,,155,8,,,0
32019,'1443371',1635,,156,8,,,0
32019,'1443418',635,,157,8,,,0
32019,'1443451',1835,,158,8,,,0
32019,'1443460',1505,,159,8,,,0
32019,'1443559',1335,,160,8,,,0
32019,'1443566',1435,,161,8,,,0
32019,'1443666',935,,162,8,,,0
32019,'1443678',1435,,163,8,,,0
32019,'1443693',905,,164,8,,,0
32019,'1443729',1105,,165,8,,,0
32019,'1443750',1235,,166,8,,,0
32019,'1443756',705,,167,8,,,0
32019,'1443859',835,,168,8,,,0
32019,'1443893',1835,,169,8,,,0
32019,'1444067',1135,,170,8,,,0
32019,'1444076',735,,171,8,,,0
32019,'1444125',1305,,172,8,,,0
32019,'1444263',1035,,173,8,,,0
32019,'1444410',1605,,174,8,,,0
32019,'1444513',1235,,175,8,,,0
32019,'1444517',805,,176,8,,,0
32019,'1444645',1635,,177,8,,,0
32019,'1444700',1535,,178,8,,,0
902019,'1442632',2234,,337,8,,,0
902019,'1442824',2234,,338,8,,,0
902019,'1442866',1234,,339,8,,,0
902019,'1443008',1134,,340,8,,,0
902019,'1443149',1534,,341,8,,,0
902019,'1443169',2034,,342,8,,,0
902019,'1443298',2034,,344,8,,,0
902019,'1443323',1634,,345,8,,,0
902019,'1443365',1034,,347,8,,,0
902019,'1443389',1934,,348,8,,,0
902019,'1443612',2134,,349,8,,,0
902019,'1443718',1334,,351,8,,,0
902019,'1443721',2134,,352,8,,,0
902019,'1443889',1934,,355,8,,,0
902019,'1444136',934,,356,8,,,0
