32019,'1442596',1824,,141,43,,,0
32019,'1442687',954,,142,43,,,0
32019,'1442754',654,,143,43,,,0
32019,'1442760',1424,,144,43,,,0
32019,'1442882',1754,,145,43,,,0
32019,'1442921',1354,,146,43,,,0
32019,'1442945',1554,,147,43,,,0
32019,'1443019',1054,,148,43,,,0
32019,'1443027',1754,,149,43,,,0
32019,'1443032',1154,,150,43,,,0
32019,'1443124',1024,,151,43,,,0
32019,'1443173',1724,,152,43,,,0
32019,'1443223',854,,153,43,,,0
32019,'1443230',754,,154,43,,,0
32019,'1443346',1224,,155,43,,,0
32019,'1443371',1654,,156,43,,,0
32019,'1443418',654,,157,43,,,0
32019,'1443451',1854,,158,43,,,0
32019,'1443460',1524,,159,43,,,0
32019,'1443559',1354,,160,43,,,0
32019,'1443566',1454,,161,43,,,0
32019,'1443666',954,,162,43,,,0
32019,'1443678',1454,,163,43,,,0
32019,'1443693',924,,164,43,,,0
32019,'1443729',1124,,165,43,,,0
32019,'1443750',1254,,166,43,,,0
32019,'1443756',724,,167,43,,,0
32019,'1443859',854,,168,43,,,0
32019,'1443893',1854,,169,43,,,0
32019,'1444067',1154,,170,43,,,0
32019,'1444076',754,,171,43,,,0
32019,'1444125',1324,,172,43,,,0
32019,'1444263',1054,,173,43,,,0
32019,'1444410',1624,,174,43,,,0
32019,'1444513',1254,,175,43,,,0
32019,'1444517',824,,176,43,,,0
32019,'1444645',1654,,177,43,,,0
32019,'1444700',1554,,178,43,,,0
902019,'1442632',2253,,337,43,,,0
902019,'1442824',2253,,338,43,,,0
902019,'1442866',1253,,339,43,,,0
902019,'1443008',1153,,340,43,,,0
902019,'1443149',1553,,341,43,,,0
902019,'1443169',2053,,342,43,,,0
902019,'1443298',2053,,344,43,,,0
902019,'1443323',1653,,345,43,,,0
902019,'1443365',1053,,347,43,,,0
902019,'1443389',1953,,348,43,,,0
902019,'1443612',2153,,349,43,,,0
902019,'1443718',1353,,351,43,,,0
902019,'1443721',2153,,352,43,,,0
902019,'1443889',1953,,355,43,,,0
902019,'1444136',953,,356,43,,,0
