3109,'1442657',1309,,102,16,,,0
3109,'1442704',1739,,103,16,,,0
3109,'1442731',1109,,104,16,,,0
3109,'1442816',1039,,105,16,,,0
3109,'1442926',809,,106,16,,,0
3109,'1442939',809,,107,16,,,0
3109,'1442988',909,,108,16,,,0
3109,'1443001',1509,,109,16,,,0
3109,'1443020',1009,,110,16,,,0
3109,'1443042',939,,111,16,,,0
3109,'1443050',1309,,112,16,,,0
3109,'1443073',1509,,113,16,,,0
3109,'1443135',1409,,114,16,,,0
3109,'1443141',1539,,115,16,,,0
3109,'1443144',1139,,116,16,,,0
3109,'1443163',1209,,117,16,,,0
3109,'1443412',1439,,118,16,,,0
3109,'1443419',1339,,119,16,,,0
3109,'1443472',1239,,120,16,,,0
3109,'1443548',1409,,121,16,,,0
3109,'1443737',1809,,122,16,,,0
3109,'1443781',1839,,123,16,,,0
3109,'1443831',1809,,124,16,,,0
3109,'1443867',1209,,125,16,,,0
3109,'1443869',1009,,126,16,,,0
3109,'1443890',709,,127,16,,,0
3109,'1443895',709,,128,16,,,0
3109,'1444017',1909,,129,16,,,0
3109,'1444043',909,,130,16,,,0
3109,'1444183',1609,,131,16,,,0
3109,'1444283',1609,,132,16,,,0
3109,'1444351',1109,,133,16,,,0
3109,'1444464',1709,,134,16,,,0
3109,'1444532',839,,135,16,,,0
3109,'1444569',1639,,136,16,,,0
3109,'1444582',739,,137,16,,,0
3109,'1444595',639,,138,16,,,0
3109,'1444704',1909,,139,16,,,0
3109,'1444711',1709,,140,16,,,0
