1609,'1442759',1138,,63,10,0,5,0
1609,'1442908',1638,,64,10,0,5,0
1609,'1443382',1538,,65,10,0,5,0
1609,'1443639',938,,66,10,0,5,0
1609,'1443689',1838,,67,10,0,5,0
1609,'1443695',1038,,68,10,0,5,0
1609,'1443794',1238,,69,10,0,5,0
1609,'1443910',1438,,70,10,0,5,0
1609,'1443990',1338,,71,10,0,5,0
1609,'1444348',1738,,72,10,0,5,0
1609,'1444457',838,,73,10,0,5,0
1609,'1444527',738,,74,10,0,5,0
1609,'1444699',638,,75,10,0,5,0
1609,'1471644',638,,76,10,0,6 7,0
1609,'1471645',738,,77,10,0,6 7,0
1609,'1471646',838,,78,10,0,6 7,0
1609,'1471647',938,,79,10,0,6 7,0
1609,'1471648',1038,,80,10,0,6 7,0
1609,'1471649',1138,,81,10,0,6 7,0
1609,'1471650',1238,,82,10,0,6 7,0
1609,'1471651',1338,,83,10,0,6 7,0
1609,'1471652',1438,,84,10,0,6 7,0
1609,'1471653',1538,,85,10,0,6 7,0
1609,'1471654',1638,,86,10,0,6 7,0
1609,'1471655',1738,,87,10,0,6 7,0
1609,'1471656',1838,,88,10,0,6 7,0
1609,'1471657',708,,89,10,0,6 7,0
1609,'1471658',808,,90,10,0,6 7,0
1609,'1471659',908,,91,10,0,6 7,0
1609,'1471660',1108,,92,10,0,8,0
1609,'1471661',1608,,93,10,0,6 7,0
1609,'1471662',1208,,94,10,0,8,0
1609,'1471663',1308,,95,10,0,8,0
1609,'1471664',1708,,96,10,0,6 7,0
1609,'1471665',1808,,97,10,0,6 7,0
1609,'1471666',1008,,98,10,0,8,0
1609,'1471667',1508,,99,10,0,6 7,0
1609,'1471668',1408,,100,10,0,8,0
90109,'1481211',2236,,299,10,0,6,0
90109,'1481212',1936,,300,10,0,6,0
90109,'1481213',2036,,301,10,0,6,0
90109,'1481214',2136,,302,10,0,6,0
90109,'1481220',836,,307,10,0,6,0
90109,'1481221',936,,308,10,0,6,0
90109,'1481222',1036,,309,10,0,6,0
90109,'1481223',1136,,310,10,0,6,0
90109,'1481224',1236,,311,10,0,6,0
90109,'1481225',1336,,312,10,0,6,0
90109,'1481226',1436,,313,10,0,6,0
90109,'1481227',1536,,314,10,0,6,0
90109,'1481228',1636,,315,10,0,6,0
90109,'1481229',1736,,316,10,0,6,0
90109,'1481230',1836,,317,10,0,6,0
90109,'1481296',2236,,328,10,0,6,0
90109,'1481297',1936,,329,10,0,6,0
90109,'1481298',2036,,330,10,0,6,0
90109,'1481299',2136,,331,10,0,6,0
