509,'1442650',1111,,1,11,,,0
509,'1442688',1011,,2,11,,,0
509,'1442690',911,,3,11,,,0
509,'1442938',1711,,4,11,,,0
509,'1443029',1611,,5,11,,,0
509,'1443081',811,,6,11,,,0
509,'1443286',1211,,7,11,,,0
509,'1443417',1811,,8,11,,,0
509,'1443735',1411,,9,11,,,0
509,'1443904',1511,,10,11,,,0
509,'1443973',711,,11,11,,,0
509,'1444646',1311,,12,11,,,0
509,'1468946',711,,13,11,,,0
509,'1468947',811,,14,11,,,0
509,'1468948',911,,15,11,,,0
509,'1468949',1011,,16,11,,,0
509,'1468950',1111,,17,11,,,0
509,'1468951',1211,,18,11,,,0
509,'1468952',1311,,19,11,,,0
509,'1468953',1411,,20,11,,,0
509,'1468954',1511,,21,11,,,0
509,'1468955',1611,,22,11,,,0
509,'1468956',1711,,23,11,,,0
509,'1468957',1811,,24,11,,,0
