3809,'1481182',644,,231,17,,,0
3809,'1481183',714,,232,17,,,0
3809,'1481184',744,,233,17,,,0
3809,'1481185',814,,234,17,,,0
3809,'1481186',844,,235,17,,,0
3809,'1481187',914,,236,17,,,0
3809,'1481188',944,,237,17,,,0
3809,'1481189',1014,,238,17,,,0
3809,'1481190',1044,,239,17,,,0
3809,'1481191',1114,,240,17,,,0
3809,'1481192',1144,,241,17,,,0
3809,'1481193',1214,,242,17,,,0
3809,'1481194',1244,,243,17,,,0
3809,'1481195',1314,,244,17,,,0
3809,'1481196',1344,,245,17,,,0
3809,'1481197',1414,,246,17,,,0
3809,'1481198',1444,,247,17,,,0
3809,'1481199',1514,,248,17,,,0
3809,'1481200',1544,,249,17,,,0
3809,'1481201',1614,,250,17,,,0
3809,'1481202',1644,,251,17,,,0
3809,'1481203',1714,,252,17,,,0
3809,'1481204',1744,,253,17,,,0
3809,'1481205',1814,,254,17,,,0
3809,'1481206',1844,,255,17,,,0
3809,'1481207',1914,,256,17,,,0
3809,'1481267',644,,257,17,,,0
3809,'1481268',714,,258,17,,,0
3809,'1481269',744,,259,17,,,0
3809,'1481270',814,,260,17,,,0
3809,'1481271',844,,261,17,,,0
3809,'1481272',914,,262,17,,,0
3809,'1481273',944,,263,17,,,0
3809,'1481274',1014,,264,17,,,0
3809,'1481275',1044,,265,17,,,0
3809,'1481276',1114,,266,17,,,0
3809,'1481277',1144,,267,17,,,0
3809,'1481278',1214,,268,17,,,0
3809,'1481279',1244,,269,17,,,0
3809,'1481280',1314,,270,17,,,0
3809,'1481281',1344,,271,17,,,0
3809,'1481282',1414,,272,17,,,0
3809,'1481283',1444,,273,17,,,0
3809,'1481284',1514,,274,17,,,0
3809,'1481285',1544,,275,17,,,0
3809,'1481286',1614,,276,17,,,0
3809,'1481287',1644,,277,17,,,0
3809,'1481288',1714,,278,17,,,0
3809,'1481289',1744,,279,17,,,0
3809,'1481290',1814,,280,17,,,0
3809,'1481291',1844,,281,17,,,0
3809,'1481292',1914,,282,17,,,0
90109,'1481215',2242,,303,19,0,11 12,0
90109,'1481216',2142,,304,19,0,11 12,0
90109,'1481217',2042,,305,19,0,11 12,0
90109,'1481218',1942,,306,19,0,11 12,0
90109,'1481231',842,,318,19,0,11 12,0
90109,'1481232',942,,319,19,0,11 12,0
90109,'1481233',1042,,320,19,0,11 12,0
90109,'1481234',1142,,321,19,0,11 12,0
90109,'1481235',1242,,322,19,0,11 12,0
90109,'1481236',1342,,323,19,0,11 12,0
90109,'1481237',1442,,324,19,0,11 12,0
90109,'1481238',1542,,325,19,0,11 12,0
90109,'1481239',1642,,326,19,0,11 12,0
90109,'1481240',1742,,327,19,0,11 12,0
90109,'1481300',2242,,332,19,0,11 12,0
90109,'1481301',2142,,333,19,0,11 12,0
90109,'1481302',2042,,334,19,0,11 12,0
90109,'1481303',1942,,335,19,0,11 12,0
