7019,'1442686',2145,,31,27,,,0
7019,'1443170',2045,,32,27,,,0
7019,'1443421',2047,,33,27,,,0
7019,'1444160',1947,,34,27,,,0
7019,'1444518',1945,,35,27,,,0
7019,'1444604',2147,,36,27,,,0
37019,'1481156',659,,179,40,,,0
37019,'1481157',729,,180,40,,,0
37019,'1481158',759,,181,40,,,0
37019,'1481159',829,,182,40,,,0
37019,'1481160',859,,183,40,,,0
37019,'1481161',929,,184,40,,,0
37019,'1481162',959,,185,40,,,0
37019,'1481163',1029,,186,40,,,0
37019,'1481164',1059,,187,40,,,0
37019,'1481165',1129,,188,40,,,0
37019,'1481166',1159,,189,40,,,0
37019,'1481167',1229,,190,40,,,0
37019,'1481168',1259,,191,40,,,0
37019,'1481169',1329,,192,40,,,0
37019,'1481170',1359,,193,40,,,0
37019,'1481171',1429,,194,40,,,0
37019,'1481172',1459,,195,40,,,0
37019,'1481173',1529,,196,40,,,0
37019,'1481174',1559,,197,40,,,0
37019,'1481175',1629,,198,40,,,0
37019,'1481176',1659,,199,40,,,0
37019,'1481177',1729,,200,40,,,0
37019,'1481178',1759,,201,40,,,0
37019,'1481179',1829,,202,40,,,0
37019,'1481180',1859,,203,40,,,0
37019,'1481181',1929,,204,40,,,0
37019,'1481241',659,,205,40,,,0
37019,'1481242',729,,206,40,,,0
37019,'1481243',759,,207,40,,,0
37019,'1481244',829,,208,40,,,0
37019,'1481245',859,,209,40,,,0
37019,'1481246',929,,210,40,,,0
37019,'1481247',959,,211,40,,,0
37019,'1481248',1029,,212,40,,,0
37019,'1481249',1059,,213,40,,,0
37019,'1481250',1129,,214,40,,,0
37019,'1481251',1159,,215,40,,,0
37019,'1481252',1229,,216,40,,,0
37019,'1481253',1259,,217,40,,,0
37019,'1481254',1329,,218,40,,,0
37019,'1481255',1359,,219,40,,,0
37019,'1481256',1429,,220,40,,,0
37019,'1481257',1459,,221,40,,,0
37019,'1481258',1529,,222,40,,,0
37019,'1481259',1559,,223,40,,,0
37019,'1481260',1629,,224,40,,,0
37019,'1481261',1659,,225,40,,,0
37019,'1481262',1729,,226,40,,,0
37019,'1481263',1759,,227,40,,,0
37019,'1481264',1829,,228,40,,,0
37019,'1481265',1859,,229,40,,,0
37019,'1481266',1929,,230,40,,,0
