9019,'1442574',1341,,37,17,,,0
9019,'1442601',1441,,38,17,,,0
9019,'1442683',1241,,39,17,,,0
9019,'1442720',741,,40,17,,,0
9019,'1442725',1341,,41,17,,,0
9019,'1442740',1541,,42,17,,,0
9019,'1442981',1541,,43,17,,,0
9019,'1443060',1041,,44,17,,,0
9019,'1443114',841,,45,17,,,0
9019,'1443507',741,,46,17,,,0
9019,'1443572',1841,,47,17,,,0
9019,'1443665',841,,48,17,,,0
9019,'1443760',1441,,49,17,,,0
9019,'1444093',941,,50,17,,,0
9019,'1444114',1641,,51,17,,,0
9019,'1444140',1641,,52,17,,,0
9019,'1444157',1741,,53,17,,,0
9019,'1444177',641,,54,17,,,0
9019,'1444202',941,,55,17,,,0
9019,'1444275',1141,,56,17,,,0
9019,'1444286',641,,57,17,,,0
9019,'1444316',1741,,58,17,,,0
9019,'1444336',1041,,59,17,,,0
9019,'1444355',1241,,60,17,,,0
9019,'1444529',1841,,61,17,,,0
9019,'1444681',1141,,62,17,,,0
