3209,'1442596',1816,,141,26,,,0
3209,'1442687',946,,142,26,,,0
3209,'1442754',646,,143,26,,,0
3209,'1442760',1416,,144,26,,,0
3209,'1442882',1746,,145,26,,,0
3209,'1442921',1346,,146,26,,,0
3209,'1442945',1546,,147,26,,,0
3209,'1443019',1046,,148,26,,,0
3209,'1443027',1746,,149,26,,,0
3209,'1443032',1146,,150,26,,,0
3209,'1443124',1016,,151,26,,,0
3209,'1443173',1716,,152,26,,,0
3209,'1443223',846,,153,26,,,0
3209,'1443230',746,,154,26,,,0
3209,'1443346',1216,,155,26,,,0
3209,'1443371',1646,,156,26,,,0
3209,'1443418',646,,157,26,,,0
3209,'1443451',1846,,158,26,,,0
3209,'1443460',1516,,159,26,,,0
3209,'1443559',1346,,160,26,,,0
3209,'1443566',1446,,161,26,,,0
3209,'1443666',946,,162,26,,,0
3209,'1443678',1446,,163,26,,,0
3209,'1443693',916,,164,26,,,0
3209,'1443729',1116,,165,26,,,0
3209,'1443750',1246,,166,26,,,0
3209,'1443756',716,,167,26,,,0
3209,'1443859',846,,168,26,,,0
3209,'1443893',1846,,169,26,,,0
3209,'1444067',1146,,170,26,,,0
3209,'1444076',746,,171,26,,,0
3209,'1444125',1316,,172,26,,,0
3209,'1444263',1046,,173,26,,,0
3209,'1444410',1616,,174,26,,,0
3209,'1444513',1246,,175,26,,,0
3209,'1444517',816,,176,26,,,0
3209,'1444645',1646,,177,26,,,0
3209,'1444700',1546,,178,26,,,0
90209,'1442632',2245,,337,26,0,9 10,0
90209,'1442824',2245,,338,26,0,9 10,0
90209,'1442866',1245,,339,26,0,9 10,0
90209,'1443008',1145,,340,26,0,9 10,0
90209,'1443149',1545,,341,26,0,9 10,0
90209,'1443169',2045,,342,26,0,9 10,0
90209,'1443298',2045,,344,26,0,9 10,0
90209,'1443323',1645,,345,26,0,9 10,0
90209,'1443365',1045,,347,26,0,9 10,0
90209,'1443389',1945,,348,26,0,9 10,0
90209,'1443612',2145,,349,26,0,9 10,0
90209,'1443718',1345,,351,26,0,9 10,0
90209,'1443721',2145,,352,26,0,9 10,0
90209,'1443889',1945,,355,26,0,9 10,0
90209,'1444136',945,,356,26,0,9 10,0
