90109,'1481215',2303,,303,40,0,11 12,0
90109,'1481216',2203,,304,40,0,11 12,0
90109,'1481217',2103,,305,40,0,11 12,0
90109,'1481218',2003,,306,40,0,11 12,0
90109,'1481231',903,,318,40,0,11 12,0
90109,'1481232',1003,,319,40,0,11 12,0
90109,'1481233',1103,,320,40,0,11 12,0
90109,'1481234',1203,,321,40,0,11 12,0
90109,'1481235',1303,,322,40,0,11 12,0
90109,'1481236',1403,,323,40,0,11 12,0
90109,'1481237',1503,,324,40,0,11 12,0
90109,'1481238',1603,,325,40,0,11 12,0
90109,'1481239',1703,,326,40,0,11 12,0
90109,'1481240',1803,,327,40,0,11 12,0
90109,'1481300',2305,,332,40,0,11 12,0
90109,'1481301',2205,,333,40,0,11 12,0
90109,'1481302',2105,,334,40,0,11 12,0
90109,'1481303',2005,,335,40,0,11 12,0
